1 0.49529411764705883 0.7869742198100407 0.22980392156862745 0.037991858887381276
1 0.6894117647058824 0.7903663500678426 0.06745098039215686 0.06648575305291723
1 0.3643137254901961 0.7578018995929444 0.021176470588235293 0.014925373134328358
1 0.33215686274509804 0.7333785617367707 0.01803921568627451 0.014925373134328358
1 0.3156862745098039 0.7700135685210312 0.08549019607843138 0.1044776119402985
1 0.7294117647058823 0.7164179104477612 0.01411764705882353 0.010854816824966078
1 0.2796078431372549 0.7103120759837178 0.014901960784313726 0.012211668928086838
1 0.40784313725490196 0.5420624151967436 0.006274509803921568 0.014925373134328358
1 0.40980392156862744 0.5257801899592944 0.007058823529411765 0.012211668928086838
1 0.3992156862745098 0.5040705563093623 0.010980392156862745 0.028493894165535955
1 0.5078431372549019 0.5617367706919946 0.09176470588235294 0.15739484396200815