1 0.4956862745098039 0.7862957937584804 0.23529411764705882 0.03934871099050204
1 0.6905882352941176 0.7896879240162822 0.06509803921568627 0.06512890094979647
1 0.34941176470588237 0.7455902306648575 0.05568627450980392 0.04206241519674356
1 0.3156862745098039 0.7700135685210312 0.08549019607843138 0.1044776119402985
1 0.7298039215686275 0.7170963364993216 0.013333333333333334 0.009497964721845319
1 0.2796078431372549 0.7096336499321574 0.014901960784313726 0.010854816824966078
1 0.5356862745098039 0.5705563093622795 0.004705882352941176 0.009497964721845319
1 0.5286274509803922 0.5671641791044776 0.00784313725490196 0.018995929443690638
1 0.4082352941176471 0.5386702849389416 0.005490196078431373 0.008141112618724558
1 0.3992156862745098 0.49796472184531887 0.00784313725490196 0.013568521031207599
1 0.4988235294117647 0.5637720488466758 0.05803921568627451 0.16417910447761194