1 0.008627450980392156 0.9837177747625508 0.006274509803921568 0.010854816824966078
1 0.05607843137254902 0.9810040705563093 0.005490196078431373 0.016282225237449117
1 0.04588235294117647 0.9810040705563093 0.005490196078431373 0.016282225237449117
1 0.03176470588235294 0.9810040705563093 0.005490196078431373 0.016282225237449117
1 0.017254901960784313 0.9810040705563093 0.006274509803921568 0.016282225237449117
1 0.9929411764705882 0.9776119402985075 0.004705882352941176 0.012211668928086838
1 0.9862745098039216 0.9796472184531886 0.005490196078431373 0.016282225237449117
1 0.971764705882353 0.9796472184531886 0.00784313725490196 0.016282225237449117
1 0.9937254901960785 0.9572591587516961 0.004705882352941176 0.012211668928086838
1 0.01568627450980392 0.9565807327001357 0.006274509803921568 0.016282225237449117
1 0.007058823529411765 0.9565807327001357 0.004705882352941176 0.016282225237449117
1 0.9858823529411764 0.9552238805970149 0.004705882352941176 0.016282225237449117
1 0.04980392156862745 0.9362279511533242 0.005490196078431373 0.008141112618724558
1 0.02588235294117647 0.9341926729986432 0.004705882352941176 0.012211668928086838
1 0.009019607843137255 0.9341926729986432 0.008627450980392156 0.012211668928086838
1 0.04941176470588235 0.9280868385345997 0.004705882352941176 0.008141112618724558
1 0.01843137254901961 0.932157394843962 0.008627450980392156 0.016282225237449117
1 0.008627450980392156 0.9104477611940298 0.006274509803921568 0.010854816824966078
1 0.0780392156862745 0.9118046132971506 0.005490196078431373 0.016282225237449117
1 0.0396078431372549 0.9118046132971506 0.005490196078431373 0.016282225237449117
1 0.11411764705882353 0.9077340569877883 0.005490196078431373 0.016282225237449117
1 0.08588235294117647 0.9077340569877883 0.007058823529411765 0.016282225237449117
1 0.07098039215686275 0.9077340569877883 0.005490196078431373 0.016282225237449117
1 0.056862745098039215 0.9077340569877883 0.005490196078431373 0.016282225237449117
1 0.01647058823529412 0.9077340569877883 0.004705882352941176 0.016282225237449117
1 0.5145098039215686 0.8616010854816825 0.20705882352941177 0.024423337856173677
1 0.38941176470588235 0.8561736770691994 0.04156862745098039 0.013568521031207599
1 0.6466666666666666 0.835820895522388 0.05568627450980392 0.027137042062415198
1 0.7054901960784313 0.8018995929443691 0.0603921568627451 0.0407055630936228
1 0.29294117647058826 0.7883310719131614 0.14980392156862746 0.12211668928086838
1 0.7592156862745097 0.7354138398914518 0.04549019607843137 0.09226594301221167
1 0.3792156862745098 0.6614654002713705 0.03215686274509804 0.028493894165535955
1 0.9823529411764705 0.6492537313432836 0.008627450980392156 0.012211668928086838
1 0.9741176470588235 0.6492537313432836 0.004705882352941176 0.012211668928086838
1 0.44823529411764707 0.6431478968792401 0.029019607843137254 0.018995929443690638
1 0.5772549019607843 0.6377204884667571 0.034509803921568626 0.021709633649932156
1 0.5137254901960784 0.6560379918588873 0.0392156862745098 0.0773405698778833
1 0.6564705882352941 0.6322930800542741 0.025098039215686273 0.035278154681139755
1 0.6 0.5834464043419267 0.00784313725490196 0.010854816824966078
1 0.5125490196078432 0.567842605156038 0.0603921568627451 0.0773405698778833
1 0.3180392156862745 0.5590230664857531 0.01647058823529412 0.05970149253731343
1 0.508235294117647 0.5217096336499322 0.047058823529411764 0.04206241519674356
1 0.008627450980392156 0.5047489823609227 0.00784313725490196 0.016282225237449117
1 0.7066666666666667 0.5271370420624152 0.01411764705882353 0.06377204884667571
1 0.984313725490196 0.5081411126187245 0.006274509803921568 0.2510176390773406
1 0.3149019607843137 0.40705563093622793 0.01647058823529412 0.05698778833107191
1 0.7062745098039216 0.37924016282225237 0.01803921568627451 0.06105834464043419
1 0.3466666666666667 0.3100407055630936 0.02196078431372549 0.04206241519674356
1 0.35411764705882354 0.2862957937584803 0.008627450980392156 0.010854816824966078
1 0.668235294117647 0.27408412483039346 0.02666666666666667 0.04341926729986431
1 0.38666666666666666 0.23405698778833106 0.004705882352941176 0.009497964721845319
1 0.3792156862745098 0.2367706919945726 0.005490196078431373 0.014925373134328358
1 0.6298039215686274 0.20488466757123475 0.00784313725490196 0.013568521031207599
1 0.007450980392156863 0.17164179104477612 0.005490196078431373 0.012211668928086838
1 0.03882352941176471 0.16960651289009498 0.007058823529411765 0.016282225237449117
1 0.014509803921568627 0.16960651289009498 0.005490196078431373 0.016282225237449117
1 0.049019607843137254 0.14789687924016282 0.005490196078431373 0.010854816824966078
1 0.04156862745098039 0.14721845318860244 0.004705882352941176 0.012211668928086838
1 0.03137254901960784 0.14721845318860244 0.004705882352941176 0.012211668928086838
1 0.0603921568627451 0.1451831750339213 0.006274509803921568 0.016282225237449117
1 0.02431372549019608 0.14314789687924015 0.004705882352941176 0.012211668928086838
1 0.014509803921568627 0.1451831750339213 0.005490196078431373 0.016282225237449117
1 0.04156862745098039 0.12279511533242876 0.004705882352941176 0.012211668928086838
1 0.05568627450980392 0.11668928086838534 0.004705882352941176 0.008141112618724558
1 0.049019607843137254 0.12075983717774763 0.005490196078431373 0.016282225237449117
1 0.03490196078431373 0.12075983717774763 0.005490196078431373 0.016282225237449117
1 0.024705882352941175 0.12075983717774763 0.005490196078431373 0.016282225237449117
1 0.01764705882352941 0.12075983717774763 0.005490196078431373 0.016282225237449117
1 0.007450980392156863 0.12075983717774763 0.005490196078431373 0.016282225237449117
1 0.008627450980392156 0.09905020352781546 0.006274509803921568 0.010854816824966078
1 0.04823529411764706 0.09633649932157395 0.005490196078431373 0.016282225237449117
1 0.041176470588235294 0.09633649932157395 0.005490196078431373 0.016282225237449117
1 0.025490196078431372 0.09633649932157395 0.005490196078431373 0.016282225237449117
1 0.056862745098039215 0.07462686567164178 0.005490196078431373 0.010854816824966078
1 0.8133333333333334 0.07259158751696065 0.004705882352941176 0.012211668928086838
1 0.8066666666666666 0.07259158751696065 0.005490196078431373 0.012211668928086838
1 0.7933333333333333 0.07259158751696065 0.005490196078431373 0.012211668928086838
1 0.7847058823529411 0.07259158751696065 0.008627450980392156 0.012211668928086838
1 0.06392156862745098 0.07191316146540028 0.005490196078431373 0.016282225237449117
1 0.04980392156862745 0.07191316146540028 0.005490196078431373 0.016282225237449117
1 0.032549019607843135 0.07191316146540028 0.005490196078431373 0.016282225237449117
1 0.015294117647058824 0.07191316146540028 0.005490196078431373 0.016282225237449117
1 0.8650980392156863 0.07055630936227951 0.004705882352941176 0.016282225237449117
1 0.8443137254901961 0.07055630936227951 0.005490196078431373 0.016282225237449117
1 0.8301960784313726 0.07055630936227951 0.005490196078431373 0.016282225237449117
1 0.7756862745098039 0.07055630936227951 0.006274509803921568 0.016282225237449117
1 0.8686274509803922 0.04816824966078698 0.007058823529411765 0.012211668928086838
1 0.7525490196078432 0.04816824966078698 0.005490196078431373 0.012211668928086838
1 0.7447058823529412 0.04816824966078698 0.007058823529411765 0.012211668928086838
1 0.08980392156862745 0.04748982360922659 0.005490196078431373 0.016282225237449117
1 0.08274509803921569 0.04748982360922659 0.005490196078431373 0.016282225237449117
1 0.06862745098039216 0.04748982360922659 0.005490196078431373 0.016282225237449117
1 0.05764705882352941 0.04748982360922659 0.005490196078431373 0.016282225237449117
1 0.05058823529411765 0.04748982360922659 0.005490196078431373 0.016282225237449117
1 0.0392156862745098 0.045454545454545456 0.004705882352941176 0.012211668928086838
1 0.025098039215686273 0.045454545454545456 0.004705882352941176 0.012211668928086838
1 0.011372549019607842 0.04748982360922659 0.007058823529411765 0.016282225237449117
1 0.8345098039215686 0.04613297150610583 0.006274509803921568 0.016282225237449117
1 0.8164705882352942 0.04613297150610583 0.004705882352941176 0.016282225237449117
1 0.7996078431372549 0.04613297150610583 0.007058823529411765 0.016282225237449117
1 0.7913725490196079 0.04613297150610583 0.006274509803921568 0.016282225237449117
1 0.7819607843137255 0.04613297150610583 0.00784313725490196 0.016282225237449117
1 0.7737254901960784 0.04613297150610583 0.007058823529411765 0.016282225237449117
1 0.8427450980392157 0.023744911804613297 0.005490196078431373 0.012211668928086838
1 0.836078431372549 0.023744911804613297 0.004705882352941176 0.012211668928086838
1 0.8192156862745098 0.023744911804613297 0.005490196078431373 0.012211668928086838
1 0.7929411764705883 0.023744911804613297 0.004705882352941176 0.012211668928086838
1 0.7823529411764706 0.023744911804613297 0.005490196078431373 0.012211668928086838
1 0.8262745098039216 0.021709633649932156 0.005490196078431373 0.016282225237449117
1 0.7992156862745098 0.021709633649932156 0.004705882352941176 0.016282225237449117
1 0.7752941176470588 0.021709633649932156 0.005490196078431373 0.016282225237449117
1 0.5031372549019608 0.021709633649932156 0.007058823529411765 0.016282225237449117
1 0.12470588235294118 0.021709633649932156 0.00784313725490196 0.016282225237449117
1 0.11568627450980393 0.021709633649932156 0.007058823529411765 0.016282225237449117
1 0.10784313725490197 0.021709633649932156 0.007058823529411765 0.016282225237449117
1 0.0992156862745098 0.021709633649932156 0.007058823529411765 0.016282225237449117
1 0.08666666666666667 0.021709633649932156 0.007058823529411765 0.016282225237449117
1 0.07490196078431373 0.021709633649932156 0.008627450980392156 0.016282225237449117
1 0.06666666666666667 0.021709633649932156 0.006274509803921568 0.016282225237449117
1 0.05803921568627451 0.021709633649932156 0.006274509803921568 0.016282225237449117
1 0.04862745098039216 0.021709633649932156 0.00784313725490196 0.016282225237449117
1 0.0392156862745098 0.021709633649932156 0.00784313725490196 0.016282225237449117
1 0.02666666666666667 0.021709633649932156 0.00784313725490196 0.016282225237449117
1 0.017254901960784313 0.021709633649932156 0.00784313725490196 0.016282225237449117
1 0.00784313725490196 0.021709633649932156 0.00784313725490196 0.016282225237449117