1 0.6976470588235294 0.8283582089552238 0.04156862745098039 0.031207598371777476
1 0.307843137254902 0.8208955223880597 0.06352941176470588 0.048846675712347354
1 0.49529411764705883 0.7991858887381276 0.2752941176470588 0.04341926729986431
1 0.6803921568627451 0.7598371777476255 0.06196078431372549 0.04341926729986431
1 0.32745098039215687 0.7557666214382632 0.058823529411764705 0.04341926729986431
1 0.29215686274509806 0.7299864314789688 0.01019607843137255 0.008141112618724558
1 0.6341176470588236 0.6207598371777476 0.01647058823529412 0.0203527815468114
1 0.37058823529411766 0.6166892808683854 0.021176470588235293 0.036635006784260515
1 0.4992156862745098 0.641112618724559 0.04156862745098039 0.08819538670284939
1 0.5 0.5461329715061058 0.06196078431372549 0.08005427408412483
1 0.3305882352941176 0.5 0.008627450980392156 0.014925373134328358