1 0.4 0.7265943012211669 0.0203921568627451 0.014925373134328358
1 0.5623529411764706 0.6994572591587517 0.02196078431372549 0.014925373134328358
1 0.44823529411764707 0.6994572591587517 0.01803921568627451 0.017639077340569877
1 0.6219607843137255 0.6913161465400272 0.023529411764705882 0.028493894165535955
1 0.5007843137254901 0.7137042062415196 0.04156862745098039 0.07598371777476255
1 0.33568627450980393 0.6594301221166893 0.017254901960784313 0.0407055630936228
1 0.5847058823529412 0.6112618724559024 0.005490196078431373 0.012211668928086838
1 0.4992156862745098 0.6275440976933514 0.05254901960784314 0.0773405698778833
1 0.6694117647058824 0.5854816824966079 0.008627450980392156 0.03934871099050204
1 0.3137254901960784 0.5074626865671642 0.00784313725490196 0.0407055630936228
1 0.41333333333333333 0.4932157394843962 0.010980392156862745 0.031207598371777476
1 0.6756862745098039 0.4843962008141113 0.008627450980392156 0.035278154681139755
1 0.3298039215686275 0.43012211668928085 0.013333333333333334 0.024423337856173677
1 0.667843137254902 0.41655359565807326 0.011764705882352941 0.021709633649932156