1 0.687843137254902 0.8792401628222524 0.0203921568627451 0.016282225237449117
1 0.5647058823529412 0.8670284938941656 0.047058823529411764 0.013568521031207599
1 0.2972549019607843 0.8751696065128901 0.054901960784313725 0.04341926729986431
1 0.45294117647058824 0.8622795115332429 0.17333333333333334 0.033921302578018994
1 0.31529411764705884 0.8127544097693351 0.017254901960784313 0.013568521031207599
1 0.2945098039215686 0.7964721845318861 0.0196078431372549 0.016282225237449117
1 0.2372549019607843 0.7693351424694709 0.011764705882352941 0.010854816824966078
1 0.5062745098039215 0.6533242876526458 0.011764705882352941 0.05563093622795115
1 0.49058823529411766 0.5637720488466758 0.08392156862745098 0.13704206241519673
1 0.41411764705882353 0.46132971506105835 0.02980392156862745 0.029850746268656716
1 0.5058823529411764 0.22048846675712347 0.00784313725490196 0.017639077340569877