1 0.6807843137254902 0.8833107191316146 0.03607843137254902 0.027137042062415198
1 0.2874509803921569 0.8690637720488467 0.027450980392156862 0.023066485753052916
1 0.49058823529411766 0.864314789687924 0.23294117647058823 0.029850746268656716
1 0.23686274509803923 0.7686567164179104 0.010980392156862745 0.009497964721845319
1 0.5050980392156863 0.6370420624151968 0.03137254901960784 0.07191316146540028
1 0.3392156862745098 0.5990502035278155 0.01803921568627451 0.033921302578018994
1 0.6698039215686274 0.5759837177747625 0.010980392156862745 0.025780189959294438
1 0.5050980392156863 0.5630936227951153 0.06274509803921569 0.0407055630936228
1 0.4109803921568628 0.5149253731343284 0.01411764705882353 0.028493894165535955
1 0.504313725490196 0.514246947082768 0.04862745098039216 0.029850746268656716
1 0.41568627450980394 0.4769335142469471 0.03764705882352941 0.052917232021709636