1 0.6741176470588235 0.8887381275440976 0.014901960784313726 0.010854816824966078
1 0.6901960784313725 0.8772048846675712 0.01568627450980392 0.012211668928086838
1 0.2901960784313726 0.8704206241519674 0.0407843137254902 0.033921302578018994
1 0.5737254901960784 0.8629579375848032 0.06666666666666667 0.021709633649932156
1 0.4568627450980392 0.864314789687924 0.16549019607843138 0.029850746268656716
1 0.2376470588235294 0.7686567164179104 0.012549019607843137 0.009497964721845319
1 0.504313725490196 0.6248303934871099 0.042352941176470586 0.06919945725915876
1 0.3423529411764706 0.6078697421981004 0.0196078431372549 0.037991858887381276
1 0.6674509803921569 0.5834464043419267 0.012549019607843137 0.027137042062415198
1 0.5050980392156863 0.5576662143826323 0.06274509803921569 0.05698778833107191
1 0.52 0.5156037991858887 0.004705882352941176 0.010854816824966078
1 0.5074509803921569 0.5122116689280869 0.004705882352941176 0.009497964721845319
1 0.4109803921568628 0.5115332428765265 0.00784313725490196 0.018995929443690638
1 0.41568627450980394 0.4769335142469471 0.03607843137254902 0.04748982360922659