1 0.7180392156862745 0.8290366350067843 0.0603921568627451 0.048846675712347354
1 0.2945098039215686 0.8270013568521031 0.058823529411764705 0.04748982360922659
1 0.5050980392156863 0.816146540027137 0.25882352941176473 0.033921302578018994
1 0.2580392156862745 0.7951153324287653 0.012549019607843137 0.016282225237449117
1 0.3764705882352941 0.6533242876526458 0.01411764705882353 0.009497964721845319
1 0.48980392156862745 0.6648575305291723 0.04 0.09226594301221167
1 0.4682352941176471 0.6302578018995929 0.00784313725490196 0.031207598371777476
1 0.6635294117647059 0.6058344640434192 0.0203921568627451 0.03934871099050204
1 0.32666666666666666 0.5990502035278155 0.0196078431372549 0.04477611940298507
1 0.41411764705882353 0.5725915875169606 0.00784313725490196 0.013568521031207599
1 0.48784313725490197 0.562415196743555 0.06274509803921569 0.08276797829036635