1 0.6984313725490197 0.8466757123473542 0.021176470588235293 0.016282225237449117
1 0.3031372549019608 0.8459972862957937 0.03529411764705882 0.025780189959294438
1 0.58 0.8242876526458616 0.0603921568627451 0.017639077340569877
1 0.4596078431372549 0.8222523744911805 0.17882352941176471 0.032564450474898234
1 0.6807843137254902 0.7747625508819539 0.05333333333333334 0.037991858887381276
1 0.3129411764705882 0.7686567164179104 0.054901960784313725 0.04206241519674356
1 0.3819607843137255 0.6668928086838535 0.017254901960784313 0.014925373134328358
1 0.6176470588235294 0.6621438263229308 0.014901960784313726 0.016282225237449117
1 0.4964705882352941 0.6797829036635007 0.05333333333333334 0.08683853459972862
1 0.3403921568627451 0.6194029850746269 0.01568627450980392 0.036635006784260515
1 0.6650980392156862 0.596336499321574 0.01411764705882353 0.04206241519674356
1 0.4937254901960784 0.582089552238806 0.06352941176470588 0.08683853459972862
1 0.3203921568627451 0.4925373134328358 0.01019607843137255 0.032564450474898234
1 0.6784313725490196 0.47829036635006783 0.009411764705882352 0.036635006784260515
1 0.33019607843137255 0.4260515603799186 0.012549019607843137 0.029850746268656716
1 0.6705882352941176 0.41044776119402987 0.012549019607843137 0.031207598371777476
1 0.3631372549019608 0.34328358208955223 0.006274509803921568 0.008141112618724558
1 0.6533333333333333 0.33175033921302577 0.00784313725490196 0.014925373134328358