1 0.432156862745098 0.6668928086838535 0.02196078431372549 0.012211668928086838
1 0.6141176470588235 0.669606512890095 0.0203921568627451 0.025780189959294438
1 0.38509803921568625 0.6675712347354138 0.018823529411764704 0.027137042062415198
1 0.5003921568627451 0.6770691994572592 0.0392156862745098 0.06241519674355495
1 0.5011764705882353 0.596336499321574 0.05019607843137255 0.0773405698778833
1 0.34862745098039216 0.5719131614654003 0.005490196078431373 0.031207598371777476
1 0.6501960784313725 0.5644504748982361 0.006274509803921568 0.029850746268656716
1 0.35137254901960785 0.4864314789687924 0.010980392156862745 0.025780189959294438
1 0.6423529411764706 0.4694708276797829 0.012549019607843137 0.027137042062415198
1 0.5294117647058824 0.45386702849389415 0.012549019607843137 0.014925373134328358
1 0.463921568627451 0.45386702849389415 0.008627450980392156 0.014925373134328358