1 0.6886274509803921 0.805291723202171 0.017254901960784313 0.014925373134328358
1 0.3035294117647059 0.7978290366350068 0.017254901960784313 0.016282225237449117
1 0.7094117647058824 0.7835820895522388 0.014901960784313726 0.0203527815468114
1 0.26784313725490194 0.7455902306648575 0.01803921568627451 0.03934871099050204
1 0.7294117647058823 0.7225237449118046 0.012549019607843137 0.009497964721845319
1 0.2654901960784314 0.7157394843962008 0.013333333333333334 0.009497964721845319
1 0.5070588235294118 0.669606512890095 0.03372549019607843 0.07462686567164178
1 0.515686274509804 0.6058344640434192 0.01019607843137255 0.009497964721845319
1 0.3949019607843137 0.5949796472184532 0.005490196078431373 0.012211668928086838
1 0.5050980392156863 0.5515603799185889 0.04549019607843137 0.033921302578018994
1 0.4011764705882353 0.5556309362279511 0.01803921568627451 0.04206241519674356