1 0.6886274509803921 0.805291723202171 0.017254901960784313 0.014925373134328358
1 0.3035294117647059 0.7978290366350068 0.017254901960784313 0.016282225237449117
1 0.712156862745098 0.7801899592944369 0.010980392156862745 0.016282225237449117
1 0.3537254901960784 0.7652645861601085 0.010980392156862745 0.008141112618724558
1 0.3423529411764706 0.757123473541384 0.01019607843137255 0.008141112618724558
1 0.26784313725490194 0.7455902306648575 0.01803921568627451 0.03934871099050204
1 0.7294117647058823 0.7225237449118046 0.012549019607843137 0.009497964721845319
1 0.2654901960784314 0.7157394843962008 0.013333333333333334 0.009497964721845319
1 0.5129411764705882 0.5956580732700135 0.004705882352941176 0.010854816824966078
1 0.5035294117647059 0.5915875169606513 0.01411764705882353 0.018995929443690638
1 0.4988235294117647 0.573270013568521 0.004705882352941176 0.009497964721845319
1 0.5011764705882353 0.6078697421981004 0.08627450980392157 0.11397557666214382
1 0.39176470588235296 0.5549525101763908 0.02431372549019608 0.0407055630936228