1 0.6886274509803921 0.805291723202171 0.017254901960784313 0.014925373134328358
1 0.30392156862745096 0.7985074626865671 0.01647058823529412 0.014925373134328358
1 0.7098039215686275 0.7829036635006784 0.01568627450980392 0.021709633649932156
1 0.343921568627451 0.7584803256445047 0.01019607843137255 0.008141112618724558
1 0.6584313725490196 0.757123473541384 0.01019607843137255 0.008141112618724558
1 0.26745098039215687 0.7442333785617368 0.018823529411764704 0.04206241519674356
1 0.7294117647058823 0.7218453188602443 0.012549019607843137 0.008141112618724558
1 0.2654901960784314 0.7157394843962008 0.013333333333333334 0.009497964721845319
1 0.5054901960784314 0.6981004070556309 0.008627450980392156 0.023066485753052916
1 0.38588235294117645 0.5644504748982361 0.00784313725490196 0.010854816824966078
1 0.5054901960784314 0.6132971506105834 0.05254901960784314 0.11940298507462686