1 0.5129411764705882 0.835820895522388 0.28705882352941176 0.051560379918588875
1 0.6772549019607843 0.7957937584803256 0.04 0.028493894165535955
1 0.263921568627451 0.7530529172320217 0.02588235294117647 0.054274084124830396
1 0.7207843137254902 0.7401628222523745 0.04549019607843137 0.08276797829036635
1 0.49686274509803924 0.7035278154681139 0.011764705882352941 0.023066485753052916
1 0.3447058823529412 0.6268656716417911 0.01803921568627451 0.04341926729986431
1 0.6603921568627451 0.6092265943012212 0.01411764705882353 0.032564450474898234
1 0.5007843137254901 0.6078697421981004 0.06823529411764706 0.14925373134328357
1 0.6737254901960784 0.5040705563093623 0.010980392156862745 0.033921302578018994
1 0.3254901960784314 0.4918588873812754 0.010980392156862745 0.03934871099050204
1 0.6403921568627451 0.37652645861601086 0.007058823529411765 0.036635006784260515