1 0.008627450980392156 0.9837177747625508 0.006274509803921568 0.010854816824966078
1 0.03882352941176471 0.9810040705563093 0.005490196078431373 0.016282225237449117
1 0.03176470588235294 0.9810040705563093 0.005490196078431373 0.016282225237449117
1 0.017254901960784313 0.9810040705563093 0.006274509803921568 0.016282225237449117
1 0.9929411764705882 0.9776119402985075 0.004705882352941176 0.012211668928086838
1 0.9862745098039216 0.9796472184531886 0.005490196078431373 0.016282225237449117
1 0.971764705882353 0.9796472184531886 0.00784313725490196 0.016282225237449117
1 0.0392156862745098 0.9565807327001357 0.004705882352941176 0.016282225237449117
1 0.032549019607843135 0.9565807327001357 0.005490196078431373 0.016282225237449117
1 0.01568627450980392 0.9565807327001357 0.006274509803921568 0.016282225237449117
1 0.007058823529411765 0.9565807327001357 0.004705882352941176 0.016282225237449117
1 0.9862745098039216 0.9552238805970149 0.005490196078431373 0.016282225237449117
1 0.9792156862745098 0.9552238805970149 0.005490196078431373 0.016282225237449117
1 0.04274509803921569 0.9362279511533242 0.005490196078431373 0.008141112618724558
1 0.03568627450980392 0.9341926729986432 0.005490196078431373 0.012211668928086838
1 0.02588235294117647 0.9341926729986432 0.004705882352941176 0.012211668928086838
1 0.009019607843137255 0.9341926729986432 0.008627450980392156 0.012211668928086838
1 0.01843137254901961 0.932157394843962 0.008627450980392156 0.016282225237449117
1 0.08588235294117647 0.9111261872455902 0.007058823529411765 0.009497964721845319
1 0.008627450980392156 0.9104477611940298 0.006274509803921568 0.010854816824966078
1 0.0780392156862745 0.9118046132971506 0.005490196078431373 0.016282225237449117
1 0.056862745098039215 0.9097693351424695 0.005490196078431373 0.012211668928086838
1 0.0396078431372549 0.9118046132971506 0.005490196078431373 0.016282225237449117
1 0.09686274509803922 0.9077340569877883 0.005490196078431373 0.016282225237449117
1 0.07098039215686275 0.9077340569877883 0.005490196078431373 0.016282225237449117
1 0.01647058823529412 0.9077340569877883 0.004705882352941176 0.016282225237449117
1 0.6831372549019608 0.8880597014925373 0.03764705882352941 0.028493894165535955
1 0.2945098039215686 0.8799185888738128 0.05725490196078432 0.04477611940298507
1 0.4796078431372549 0.8616010854816825 0.27058823529411763 0.04613297150610583
1 0.3086274509803922 0.8127544097693351 0.06980392156862746 0.051560379918588875
1 0.23372549019607844 0.7734056987788331 0.012549019607843137 0.010854816824966078
1 0.5070588235294118 0.6824966078697422 0.011764705882352941 0.021709633649932156
1 0.9823529411764705 0.6289009497964722 0.008627450980392156 0.012211668928086838
1 0.9741176470588235 0.6289009497964722 0.004705882352941176 0.012211668928086838
1 0.9670588235294117 0.6268656716417911 0.004705882352941176 0.016282225237449117
1 0.35215686274509805 0.6343283582089553 0.023529411764705882 0.031207598371777476
1 0.66 0.6078697421981004 0.01803921568627451 0.035278154681139755
1 0.503921568627451 0.5848032564450475 0.09490196078431372 0.14382632293080055
1 0.008627450980392156 0.5047489823609227 0.00784313725490196 0.016282225237449117
1 0.4074509803921569 0.4681139755766621 0.011764705882352941 0.013568521031207599
1 0.984313725490196 0.5081411126187245 0.006274509803921568 0.21031207598371776
1 0.03882352941176471 0.16960651289009498 0.007058823529411765 0.016282225237449117
1 0.014509803921568627 0.16960651289009498 0.005490196078431373 0.016282225237449117
1 0.024705882352941175 0.14925373134328357 0.005490196078431373 0.008141112618724558
1 0.0603921568627451 0.1451831750339213 0.006274509803921568 0.016282225237449117
1 0.049019607843137254 0.1451831750339213 0.005490196078431373 0.016282225237449117
1 0.04156862745098039 0.14111261872455902 0.004705882352941176 0.008141112618724558
1 0.014509803921568627 0.1451831750339213 0.005490196078431373 0.016282225237449117
1 0.04156862745098039 0.12279511533242876 0.004705882352941176 0.012211668928086838
1 0.05607843137254902 0.12075983717774763 0.005490196078431373 0.016282225237449117
1 0.049019607843137254 0.12075983717774763 0.005490196078431373 0.016282225237449117
1 0.03490196078431373 0.12075983717774763 0.005490196078431373 0.016282225237449117
1 0.024705882352941175 0.12075983717774763 0.005490196078431373 0.016282225237449117
1 0.01764705882352941 0.12075983717774763 0.005490196078431373 0.016282225237449117
1 0.008627450980392156 0.09905020352781546 0.006274509803921568 0.010854816824966078
1 0.05529411764705883 0.09837177747625508 0.005490196078431373 0.012211668928086838
1 0.041176470588235294 0.09837177747625508 0.005490196078431373 0.012211668928086838
1 0.04784313725490196 0.09430122116689281 0.004705882352941176 0.012211668928086838
1 0.025490196078431372 0.09633649932157395 0.005490196078431373 0.016282225237449117
1 0.8635294117647059 0.07259158751696065 0.004705882352941176 0.012211668928086838
1 0.8568627450980392 0.07259158751696065 0.005490196078431373 0.012211668928086838
1 0.8368627450980393 0.07259158751696065 0.004705882352941176 0.012211668928086838
1 0.8301960784313726 0.07259158751696065 0.005490196078431373 0.012211668928086838
1 0.8141176470588235 0.07259158751696065 0.004705882352941176 0.012211668928086838
1 0.8011764705882353 0.07259158751696065 0.005490196078431373 0.012211668928086838
1 0.7258823529411764 0.07259158751696065 0.007058823529411765 0.012211668928086838
1 0.056862745098039215 0.07191316146540028 0.005490196078431373 0.016282225237449117
1 0.04980392156862745 0.07191316146540028 0.005490196078431373 0.016282225237449117
1 0.04274509803921569 0.07191316146540028 0.005490196078431373 0.016282225237449117
1 0.025490196078431372 0.07191316146540028 0.005490196078431373 0.016282225237449117
1 0.015294117647058824 0.07191316146540028 0.005490196078431373 0.016282225237449117
1 0.8698039215686274 0.07055630936227951 0.004705882352941176 0.016282225237449117
1 0.8474509803921568 0.07055630936227951 0.005490196078431373 0.016282225237449117
1 0.7929411764705883 0.07055630936227951 0.006274509803921568 0.016282225237449117
1 0.7705882352941177 0.07055630936227951 0.007058823529411765 0.016282225237449117
1 0.7619607843137255 0.07055630936227951 0.007058823529411765 0.016282225237449117
1 0.7541176470588236 0.07055630936227951 0.008627450980392156 0.016282225237449117
1 0.7352941176470589 0.07055630936227951 0.007058823529411765 0.016282225237449117
1 0.8686274509803922 0.04816824966078698 0.007058823529411765 0.012211668928086838
1 0.7525490196078432 0.04816824966078698 0.005490196078431373 0.012211668928086838
1 0.7447058823529412 0.04816824966078698 0.007058823529411765 0.012211668928086838
1 0.08980392156862745 0.04748982360922659 0.005490196078431373 0.016282225237449117
1 0.08274509803921569 0.04748982360922659 0.005490196078431373 0.016282225237449117
1 0.05764705882352941 0.04748982360922659 0.005490196078431373 0.016282225237449117
1 0.05058823529411765 0.04748982360922659 0.005490196078431373 0.016282225237449117
1 0.0392156862745098 0.045454545454545456 0.004705882352941176 0.012211668928086838
1 0.025098039215686273 0.045454545454545456 0.004705882352941176 0.012211668928086838
1 0.011372549019607842 0.04748982360922659 0.007058823529411765 0.016282225237449117
1 0.8345098039215686 0.04613297150610583 0.006274509803921568 0.016282225237449117
1 0.8164705882352942 0.04613297150610583 0.004705882352941176 0.016282225237449117
1 0.7996078431372549 0.04613297150610583 0.007058823529411765 0.016282225237449117
1 0.7913725490196079 0.04613297150610583 0.006274509803921568 0.016282225237449117
1 0.7823529411764706 0.04613297150610583 0.007058823529411765 0.016282225237449117
1 0.7737254901960784 0.04613297150610583 0.007058823529411765 0.016282225237449117
1 0.8427450980392157 0.023744911804613297 0.005490196078431373 0.012211668928086838
1 0.836078431372549 0.023744911804613297 0.004705882352941176 0.012211668928086838
1 0.8192156862745098 0.023744911804613297 0.005490196078431373 0.012211668928086838
1 0.7929411764705883 0.023744911804613297 0.004705882352941176 0.012211668928086838
1 0.7823529411764706 0.023744911804613297 0.005490196078431373 0.012211668928086838
1 0.8262745098039216 0.021709633649932156 0.005490196078431373 0.016282225237449117
1 0.7992156862745098 0.021709633649932156 0.004705882352941176 0.016282225237449117
1 0.7752941176470588 0.021709633649932156 0.005490196078431373 0.016282225237449117
1 0.5031372549019608 0.021709633649932156 0.007058823529411765 0.016282225237449117
1 0.10980392156862745 0.021709633649932156 0.00784313725490196 0.016282225237449117
1 0.09686274509803922 0.021709633649932156 0.008627450980392156 0.016282225237449117
1 0.08745098039215686 0.021709633649932156 0.008627450980392156 0.016282225237449117
1 0.0784313725490196 0.021709633649932156 0.00784313725490196 0.016282225237449117
1 0.06588235294117648 0.021709633649932156 0.00784313725490196 0.016282225237449117
1 0.05647058823529412 0.021709633649932156 0.00784313725490196 0.016282225237449117
1 0.04862745098039216 0.021709633649932156 0.004705882352941176 0.016282225237449117
1 0.040392156862745096 0.021709633649932156 0.008627450980392156 0.016282225237449117
1 0.030980392156862744 0.021709633649932156 0.008627450980392156 0.016282225237449117
1 0.01647058823529412 0.021709633649932156 0.006274509803921568 0.016282225237449117
1 0.00784313725490196 0.021709633649932156 0.00784313725490196 0.016282225237449117