1 0.06313725490196079 0.9837177747625508 0.005490196078431373 0.010854816824966078
1 0.008627450980392156 0.9837177747625508 0.006274509803921568 0.010854816824966078
1 0.052941176470588235 0.9810040705563093 0.005490196078431373 0.016282225237449117
1 0.017254901960784313 0.9810040705563093 0.006274509803921568 0.016282225237449117
1 0.9929411764705882 0.9776119402985075 0.004705882352941176 0.012211668928086838
1 0.9862745098039216 0.9796472184531886 0.005490196078431373 0.016282225237449117
1 0.971764705882353 0.9796472184531886 0.00784313725490196 0.016282225237449117
1 0.032549019607843135 0.9592944369063772 0.005490196078431373 0.010854816824966078
1 0.9937254901960785 0.9572591587516961 0.004705882352941176 0.012211668928086838
1 0.0392156862745098 0.9545454545454546 0.004705882352941176 0.012211668928086838
1 0.01568627450980392 0.9565807327001357 0.006274509803921568 0.016282225237449117
1 0.007058823529411765 0.9565807327001357 0.004705882352941176 0.016282225237449117
1 0.9858823529411764 0.9552238805970149 0.004705882352941176 0.016282225237449117
1 0.735686274509804 0.9599728629579376 0.09254901960784313 0.05563093622795115
1 0.42274509803921567 0.9423337856173677 0.06431372549019608 0.023066485753052916
1 0.042352941176470586 0.9341926729986432 0.004705882352941176 0.012211668928086838
1 0.02588235294117647 0.9341926729986432 0.004705882352941176 0.012211668928086838
1 0.009019607843137255 0.9341926729986432 0.008627450980392156 0.012211668928086838
1 0.5823529411764706 0.9457259158751696 0.21411764705882352 0.037991858887381276
1 0.03568627450980392 0.932157394843962 0.005490196078431373 0.016282225237449117
1 0.01843137254901961 0.932157394843962 0.008627450980392156 0.016282225237449117
1 0.008627450980392156 0.9104477611940298 0.006274509803921568 0.010854816824966078
1 0.0780392156862745 0.9118046132971506 0.005490196078431373 0.016282225237449117
1 0.0396078431372549 0.9118046132971506 0.005490196078431373 0.016282225237449117
1 0.11411764705882353 0.9077340569877883 0.005490196078431373 0.016282225237449117
1 0.08588235294117647 0.9077340569877883 0.007058823529411765 0.016282225237449117
1 0.07098039215686275 0.9077340569877883 0.005490196078431373 0.016282225237449117
1 0.056862745098039215 0.9077340569877883 0.005490196078431373 0.016282225237449117
1 0.01647058823529412 0.9077340569877883 0.004705882352941176 0.016282225237449117
1 0.30117647058823527 0.8772048846675712 0.025098039215686273 0.017639077340569877
1 0.7678431372549019 0.8778833107191316 0.02823529411764706 0.021709633649932156
1 0.3015686274509804 0.9056987788331072 0.15764705882352942 0.16417910447761194
1 0.4949019607843137 0.7700135685210312 0.018823529411764704 0.03934871099050204
1 0.9823529411764705 0.6546811397557666 0.008627450980392156 0.012211668928086838
1 0.9741176470588235 0.6546811397557666 0.004705882352941176 0.012211668928086838
1 0.9670588235294117 0.6526458616010855 0.004705882352941176 0.016282225237449117
1 0.40862745098039216 0.6126187245590231 0.009411764705882352 0.017639077340569877
1 0.49254901960784314 0.66078697421981 0.10823529411764705 0.16010854816824965
1 0.008627450980392156 0.5047489823609227 0.00784313725490196 0.016282225237449117
1 0.984313725490196 0.5081411126187245 0.006274509803921568 0.2618724559023066
1 0.007450980392156863 0.17164179104477612 0.005490196078431373 0.012211668928086838
1 0.03882352941176471 0.16960651289009498 0.007058823529411765 0.016282225237449117
1 0.014509803921568627 0.16960651289009498 0.005490196078431373 0.016282225237449117
1 0.04196078431372549 0.14721845318860244 0.005490196078431373 0.012211668928086838
1 0.024705882352941175 0.14721845318860244 0.005490196078431373 0.012211668928086838
1 0.05333333333333334 0.1451831750339213 0.006274509803921568 0.016282225237449117
1 0.01764705882352941 0.1451831750339213 0.005490196078431373 0.016282225237449117
1 0.007450980392156863 0.1451831750339213 0.005490196078431373 0.016282225237449117
1 0.04156862745098039 0.12279511533242876 0.004705882352941176 0.012211668928086838
1 0.05607843137254902 0.12075983717774763 0.005490196078431373 0.016282225237449117
1 0.049019607843137254 0.12075983717774763 0.005490196078431373 0.016282225237449117
1 0.03490196078431373 0.12075983717774763 0.005490196078431373 0.016282225237449117
1 0.01764705882352941 0.12075983717774763 0.005490196078431373 0.016282225237449117
1 0.008627450980392156 0.09905020352781546 0.006274509803921568 0.010854816824966078
1 0.04823529411764706 0.09633649932157395 0.005490196078431373 0.016282225237449117
1 0.041176470588235294 0.09497964721845319 0.005490196078431373 0.013568521031207599
1 0.025490196078431372 0.09633649932157395 0.005490196078431373 0.016282225237449117
1 0.8133333333333334 0.07259158751696065 0.004705882352941176 0.012211668928086838
1 0.8066666666666666 0.07259158751696065 0.005490196078431373 0.012211668928086838
1 0.7933333333333333 0.07259158751696065 0.005490196078431373 0.012211668928086838
1 0.7847058823529411 0.07259158751696065 0.008627450980392156 0.012211668928086838
1 0.0780392156862745 0.07191316146540028 0.005490196078431373 0.016282225237449117
1 0.06392156862745098 0.07191316146540028 0.005490196078431373 0.016282225237449117
1 0.04980392156862745 0.07191316146540028 0.005490196078431373 0.016282225237449117
1 0.032549019607843135 0.07191316146540028 0.005490196078431373 0.016282225237449117
1 0.02235294117647059 0.07191316146540028 0.005490196078431373 0.016282225237449117
1 0.8650980392156863 0.07055630936227951 0.004705882352941176 0.016282225237449117
1 0.8443137254901961 0.07055630936227951 0.005490196078431373 0.016282225237449117
1 0.8301960784313726 0.07055630936227951 0.005490196078431373 0.016282225237449117
1 0.7756862745098039 0.07055630936227951 0.006274509803921568 0.016282225237449117
1 0.08274509803921569 0.050203527815468114 0.005490196078431373 0.010854816824966078
1 0.7243137254901961 0.04816824966078698 0.007058823529411765 0.012211668928086838
1 0.692156862745098 0.04816824966078698 0.007058823529411765 0.012211668928086838
1 0.6717647058823529 0.04816824966078698 0.005490196078431373 0.012211668928086838
1 0.08980392156862745 0.04748982360922659 0.005490196078431373 0.016282225237449117
1 0.07568627450980392 0.04613297150610583 0.005490196078431373 0.013568521031207599
1 0.06823529411764706 0.04748982360922659 0.004705882352941176 0.016282225237449117
1 0.05764705882352941 0.04748982360922659 0.005490196078431373 0.016282225237449117
1 0.05058823529411765 0.04748982360922659 0.005490196078431373 0.016282225237449117
1 0.0392156862745098 0.045454545454545456 0.004705882352941176 0.012211668928086838
1 0.025098039215686273 0.045454545454545456 0.004705882352941176 0.012211668928086838
1 0.011372549019607842 0.04748982360922659 0.007058823529411765 0.016282225237449117
1 0.8482352941176471 0.04613297150610583 0.007058823529411765 0.016282225237449117
1 0.8364705882352941 0.04613297150610583 0.007058823529411765 0.016282225237449117
1 0.8168627450980392 0.04613297150610583 0.008627450980392156 0.016282225237449117
1 0.808235294117647 0.04613297150610583 0.007058823529411765 0.016282225237449117
1 0.787843137254902 0.04613297150610583 0.008627450980392156 0.016282225237449117
1 0.7674509803921569 0.04613297150610583 0.008627450980392156 0.016282225237449117
1 0.7588235294117647 0.04613297150610583 0.007058823529411765 0.016282225237449117
1 0.7509803921568627 0.04613297150610583 0.007058823529411765 0.016282225237449117
1 0.7415686274509804 0.04613297150610583 0.008627450980392156 0.016282225237449117
1 0.7329411764705882 0.04613297150610583 0.007058823529411765 0.016282225237449117
1 0.712156862745098 0.04613297150610583 0.006274509803921568 0.016282225237449117
1 0.7007843137254902 0.04613297150610583 0.008627450980392156 0.016282225237449117
1 0.663921568627451 0.04613297150610583 0.007058823529411765 0.016282225237449117
1 0.8427450980392157 0.023744911804613297 0.005490196078431373 0.012211668928086838
1 0.836078431372549 0.023744911804613297 0.004705882352941176 0.012211668928086838
1 0.8192156862745098 0.023744911804613297 0.005490196078431373 0.012211668928086838
1 0.7929411764705883 0.023744911804613297 0.004705882352941176 0.012211668928086838
1 0.7823529411764706 0.023744911804613297 0.005490196078431373 0.012211668928086838
1 0.8262745098039216 0.021709633649932156 0.005490196078431373 0.016282225237449117
1 0.7992156862745098 0.021709633649932156 0.004705882352941176 0.016282225237449117
1 0.7752941176470588 0.021709633649932156 0.005490196078431373 0.016282225237449117
1 0.5031372549019608 0.021709633649932156 0.007058823529411765 0.016282225237449117
1 0.15372549019607842 0.021709633649932156 0.00784313725490196 0.016282225237449117
1 0.14470588235294118 0.021709633649932156 0.007058823529411765 0.016282225237449117
1 0.13568627450980392 0.021709633649932156 0.00784313725490196 0.016282225237449117
1 0.12705882352941175 0.021709633649932156 0.006274509803921568 0.016282225237449117
1 0.11843137254901961 0.021709633649932156 0.00784313725490196 0.016282225237449117
1 0.10901960784313726 0.021709633649932156 0.00784313725490196 0.016282225237449117
1 0.0996078431372549 0.021709633649932156 0.00784313725490196 0.016282225237449117
1 0.09019607843137255 0.021709633649932156 0.00784313725490196 0.016282225237449117
1 0.0784313725490196 0.022388059701492536 0.00784313725490196 0.017639077340569877
1 0.06941176470588235 0.021709633649932156 0.007058823529411765 0.016282225237449117
1 0.0596078431372549 0.021709633649932156 0.010980392156862745 0.016282225237449117
1 0.04862745098039216 0.021709633649932156 0.00784313725490196 0.016282225237449117
1 0.04 0.021709633649932156 0.006274509803921568 0.016282225237449117
1 0.03058823529411765 0.021709633649932156 0.00784313725490196 0.016282225237449117
1 0.01647058823529412 0.021709633649932156 0.006274509803921568 0.016282225237449117
1 0.00784313725490196 0.021709633649932156 0.00784313725490196 0.016282225237449117