1 0.0396078431372549 0.9810040705563093 0.005490196078431373 0.016282225237449117
1 0.01411764705882353 0.9810040705563093 0.00784313725490196 0.016282225237449117
1 0.007058823529411765 0.9810040705563093 0.004705882352941176 0.016282225237449117
1 0.9929411764705882 0.9776119402985075 0.004705882352941176 0.012211668928086838
1 0.9862745098039216 0.9796472184531886 0.005490196078431373 0.016282225237449117
1 0.971764705882353 0.9796472184531886 0.00784313725490196 0.016282225237449117
1 0.00823529411764706 0.9592944369063772 0.007058823529411765 0.010854816824966078
1 0.9937254901960785 0.9572591587516961 0.004705882352941176 0.012211668928086838
1 0.01647058823529412 0.9565807327001357 0.004705882352941176 0.016282225237449117
1 0.9858823529411764 0.9552238805970149 0.004705882352941176 0.016282225237449117
1 0.43019607843137253 0.6723202170963365 0.01803921568627451 0.009497964721845319
1 0.6207843137254901 0.6709633649932157 0.0196078431372549 0.025780189959294438
1 0.3835294117647059 0.6689280868385346 0.018823529411764704 0.027137042062415198
1 0.5027450980392156 0.6797829036635007 0.0407843137254902 0.06512890094979647
1 0.9823529411764705 0.6221166892808684 0.008627450980392156 0.012211668928086838
1 0.9741176470588235 0.6221166892808684 0.004705882352941176 0.012211668928086838
1 0.9670588235294117 0.6200814111261872 0.004705882352941176 0.016282225237449117
1 0.5035294117647059 0.5983717774762551 0.05333333333333334 0.07869742198100407
1 0.34705882352941175 0.5712347354138398 0.005490196078431373 0.029850746268656716
1 0.6560784313725491 0.5630936227951153 0.005490196078431373 0.029850746268656716
1 0.008627450980392156 0.5047489823609227 0.00784313725490196 0.016282225237449117
1 0.35058823529411764 0.4843962008141113 0.010980392156862745 0.027137042062415198
1 0.6470588235294118 0.46675712347354137 0.012549019607843137 0.027137042062415198
1 0.532156862745098 0.4531886024423338 0.005490196078431373 0.008141112618724558
1 0.46509803921568627 0.4531886024423338 0.00784313725490196 0.013568521031207599
1 0.4447058823529412 0.4470827679782904 0.010980392156862745 0.009497964721845319
1 0.984313725490196 0.5081411126187245 0.006274509803921568 0.19674355495251017
1 0.03882352941176471 0.16960651289009498 0.007058823529411765 0.016282225237449117
1 0.06 0.1451831750339213 0.008627450980392156 0.016282225237449117
1 0.049019607843137254 0.1451831750339213 0.005490196078431373 0.016282225237449117
1 0.04196078431372549 0.1451831750339213 0.005490196078431373 0.016282225237449117
1 0.03176470588235294 0.1451831750339213 0.005490196078431373 0.016282225237449117
1 0.02431372549019608 0.14314789687924015 0.004705882352941176 0.012211668928086838
1 0.04156862745098039 0.12279511533242876 0.004705882352941176 0.012211668928086838
1 0.05607843137254902 0.12075983717774763 0.005490196078431373 0.016282225237449117
1 0.049019607843137254 0.12075983717774763 0.005490196078431373 0.016282225237449117
1 0.03490196078431373 0.12075983717774763 0.005490196078431373 0.016282225237449117
1 0.024705882352941175 0.12075983717774763 0.005490196078431373 0.016282225237449117
1 0.01764705882352941 0.12075983717774763 0.005490196078431373 0.016282225237449117
1 0.008627450980392156 0.09905020352781546 0.006274509803921568 0.010854816824966078
1 0.04823529411764706 0.09633649932157395 0.005490196078431373 0.016282225237449117
1 0.025490196078431372 0.09633649932157395 0.005490196078431373 0.016282225237449117
1 0.056862745098039215 0.07462686567164178 0.005490196078431373 0.010854816824966078
1 0.8133333333333334 0.07259158751696065 0.004705882352941176 0.012211668928086838
1 0.8066666666666666 0.07259158751696065 0.005490196078431373 0.012211668928086838
1 0.7933333333333333 0.07259158751696065 0.005490196078431373 0.012211668928086838
1 0.7847058823529411 0.07259158751696065 0.008627450980392156 0.012211668928086838
1 0.06352941176470588 0.06784260515603799 0.004705882352941176 0.008141112618724558
1 0.04980392156862745 0.07191316146540028 0.005490196078431373 0.016282225237449117
1 0.025490196078431372 0.07191316146540028 0.005490196078431373 0.016282225237449117
1 0.015294117647058824 0.07191316146540028 0.005490196078431373 0.016282225237449117
1 0.8650980392156863 0.07055630936227951 0.004705882352941176 0.016282225237449117
1 0.8443137254901961 0.07055630936227951 0.005490196078431373 0.016282225237449117
1 0.8301960784313726 0.07055630936227951 0.005490196078431373 0.016282225237449117
1 0.7756862745098039 0.07055630936227951 0.006274509803921568 0.016282225237449117
1 0.8686274509803922 0.04816824966078698 0.007058823529411765 0.012211668928086838
1 0.7525490196078432 0.04816824966078698 0.005490196078431373 0.012211668928086838
1 0.7447058823529412 0.04816824966078698 0.007058823529411765 0.012211668928086838
1 0.07568627450980392 0.04748982360922659 0.005490196078431373 0.016282225237449117
1 0.06862745098039216 0.04748982360922659 0.005490196078431373 0.016282225237449117
1 0.05764705882352941 0.04748982360922659 0.005490196078431373 0.016282225237449117
1 0.0392156862745098 0.045454545454545456 0.004705882352941176 0.012211668928086838
1 0.025098039215686273 0.045454545454545456 0.004705882352941176 0.012211668928086838
1 0.011372549019607842 0.04748982360922659 0.007058823529411765 0.016282225237449117
1 0.8345098039215686 0.04613297150610583 0.006274509803921568 0.016282225237449117
1 0.8164705882352942 0.04613297150610583 0.004705882352941176 0.016282225237449117
1 0.7996078431372549 0.04613297150610583 0.007058823529411765 0.016282225237449117
1 0.7913725490196079 0.04613297150610583 0.006274509803921568 0.016282225237449117
1 0.7819607843137255 0.04613297150610583 0.00784313725490196 0.016282225237449117
1 0.7737254901960784 0.04613297150610583 0.007058823529411765 0.016282225237449117
1 0.8427450980392157 0.023744911804613297 0.005490196078431373 0.012211668928086838
1 0.836078431372549 0.023744911804613297 0.004705882352941176 0.012211668928086838
1 0.8192156862745098 0.023744911804613297 0.005490196078431373 0.012211668928086838
1 0.7929411764705883 0.023744911804613297 0.004705882352941176 0.012211668928086838
1 0.7823529411764706 0.023744911804613297 0.005490196078431373 0.012211668928086838
1 0.8262745098039216 0.021709633649932156 0.005490196078431373 0.016282225237449117
1 0.7992156862745098 0.021709633649932156 0.004705882352941176 0.016282225237449117
1 0.7752941176470588 0.021709633649932156 0.005490196078431373 0.016282225237449117
1 0.5031372549019608 0.021709633649932156 0.007058823529411765 0.016282225237449117
1 0.11647058823529412 0.021709633649932156 0.007058823529411765 0.016282225237449117
1 0.10470588235294118 0.021709633649932156 0.007058823529411765 0.016282225237449117
1 0.09647058823529411 0.021709633649932156 0.006274509803921568 0.016282225237449117
1 0.08784313725490196 0.021709633649932156 0.006274509803921568 0.016282225237449117
1 0.0784313725490196 0.021709633649932156 0.00784313725490196 0.016282225237449117
1 0.06901960784313725 0.021709633649932156 0.00784313725490196 0.016282225237449117
1 0.05411764705882353 0.021709633649932156 0.006274509803921568 0.016282225237449117
1 0.04588235294117647 0.021709633649932156 0.007058823529411765 0.016282225237449117
1 0.03372549019607843 0.021709633649932156 0.00784313725490196 0.016282225237449117
1 0.02431372549019608 0.021709633649932156 0.00784313725490196 0.016282225237449117
1 0.015294117647058824 0.021709633649932156 0.007058823529411765 0.016282225237449117
1 0.007058823529411765 0.021709633649932156 0.004705882352941176 0.016282225237449117