1 0.04 0.9830393487109905 0.004705882352941176 0.012211668928086838
1 0.0392156862745098 0.9789687924016283 0.004705882352941176 0.012211668928086838
1 0.01411764705882353 0.9810040705563093 0.00784313725490196 0.016282225237449117
1 0.007058823529411765 0.9810040705563093 0.004705882352941176 0.016282225237449117
1 0.9929411764705882 0.9776119402985075 0.004705882352941176 0.012211668928086838
1 0.9862745098039216 0.9796472184531886 0.005490196078431373 0.016282225237449117
1 0.971764705882353 0.9796472184531886 0.00784313725490196 0.016282225237449117
1 0.00823529411764706 0.9592944369063772 0.007058823529411765 0.010854816824966078
1 0.9937254901960785 0.9572591587516961 0.004705882352941176 0.012211668928086838
1 0.01647058823529412 0.9565807327001357 0.004705882352941176 0.016282225237449117
1 0.9858823529411764 0.9552238805970149 0.004705882352941176 0.016282225237449117
1 0.7098039215686275 0.7727272727272727 0.004705882352941176 0.012211668928086838
1 0.7184313725490196 0.7496607869742198 0.009411764705882352 0.023066485753052916
1 0.2776470588235294 0.7082767978290366 0.01568627450980392 0.021709633649932156
1 0.6450980392156863 0.6343283582089553 0.005490196078431373 0.009497964721845319
1 0.9823529411764705 0.6194029850746269 0.008627450980392156 0.012211668928086838
1 0.9741176470588235 0.6194029850746269 0.004705882352941176 0.012211668928086838
1 0.5031372549019608 0.649932157394844 0.09803921568627451 0.1546811397557666
1 0.5811764705882353 0.5671641791044776 0.009411764705882352 0.010854816824966078
1 0.02588235294117647 0.5047489823609227 0.006274509803921568 0.016282225237449117
1 0.01764705882352941 0.5047489823609227 0.007058823529411765 0.016282225237449117
1 0.008627450980392156 0.5047489823609227 0.00784313725490196 0.016282225237449117
1 0.984313725490196 0.5081411126187245 0.006274509803921568 0.19131614654002713
1 0.014509803921568627 0.1723202170963365 0.005490196078431373 0.010854816824966078
1 0.03882352941176471 0.16960651289009498 0.007058823529411765 0.016282225237449117
1 0.007450980392156863 0.16960651289009498 0.005490196078431373 0.016282225237449117
1 0.03176470588235294 0.14721845318860244 0.005490196078431373 0.012211668928086838
1 0.014901960784313726 0.14721845318860244 0.004705882352941176 0.012211668928086838
1 0.06 0.1451831750339213 0.008627450980392156 0.016282225237449117
1 0.049019607843137254 0.1451831750339213 0.005490196078431373 0.016282225237449117
1 0.04196078431372549 0.1451831750339213 0.005490196078431373 0.016282225237449117
1 0.024705882352941175 0.1451831750339213 0.005490196078431373 0.016282225237449117
1 0.01411764705882353 0.14314789687924015 0.004705882352941176 0.012211668928086838
1 0.007450980392156863 0.12347354138398914 0.005490196078431373 0.010854816824966078
1 0.04156862745098039 0.12279511533242876 0.004705882352941176 0.012211668928086838
1 0.05568627450980392 0.11668928086838534 0.004705882352941176 0.008141112618724558
1 0.049019607843137254 0.12075983717774763 0.005490196078431373 0.016282225237449117
1 0.03490196078431373 0.12075983717774763 0.005490196078431373 0.016282225237449117
1 0.024705882352941175 0.12075983717774763 0.005490196078431373 0.016282225237449117
1 0.01764705882352941 0.12075983717774763 0.005490196078431373 0.016282225237449117
1 0.008627450980392156 0.09905020352781546 0.006274509803921568 0.010854816824966078
1 0.054901960784313725 0.09633649932157395 0.004705882352941176 0.016282225237449117
1 0.025490196078431372 0.09633649932157395 0.005490196078431373 0.016282225237449117
1 0.8133333333333334 0.07259158751696065 0.004705882352941176 0.012211668928086838
1 0.8066666666666666 0.07259158751696065 0.005490196078431373 0.012211668928086838
1 0.7933333333333333 0.07259158751696065 0.005490196078431373 0.012211668928086838
1 0.7847058823529411 0.07259158751696065 0.008627450980392156 0.012211668928086838
1 0.04980392156862745 0.07191316146540028 0.005490196078431373 0.016282225237449117
1 0.04274509803921569 0.07191316146540028 0.005490196078431373 0.016282225237449117
1 0.8650980392156863 0.07055630936227951 0.004705882352941176 0.016282225237449117
1 0.8443137254901961 0.07055630936227951 0.005490196078431373 0.016282225237449117
1 0.8301960784313726 0.07055630936227951 0.005490196078431373 0.016282225237449117
1 0.7756862745098039 0.07055630936227951 0.006274509803921568 0.016282225237449117
1 0.823921568627451 0.04816824966078698 0.007058823529411765 0.012211668928086838
1 0.6827450980392157 0.04816824966078698 0.005490196078431373 0.012211668928086838
1 0.6749019607843137 0.04816824966078698 0.007058823529411765 0.012211668928086838
1 0.08980392156862745 0.04748982360922659 0.005490196078431373 0.016282225237449117
1 0.06862745098039216 0.04748982360922659 0.005490196078431373 0.016282225237449117
1 0.05764705882352941 0.04748982360922659 0.005490196078431373 0.016282225237449117
1 0.05019607843137255 0.04748982360922659 0.004705882352941176 0.016282225237449117
1 0.0392156862745098 0.045454545454545456 0.004705882352941176 0.012211668928086838
1 0.025098039215686273 0.045454545454545456 0.004705882352941176 0.012211668928086838
1 0.011372549019607842 0.04748982360922659 0.007058823529411765 0.016282225237449117
1 0.86 0.04613297150610583 0.008627450980392156 0.016282225237449117
1 0.8411764705882353 0.04613297150610583 0.007058823529411765 0.016282225237449117
1 0.8325490196078431 0.04613297150610583 0.008627450980392156 0.016282225237449117
1 0.8164705882352942 0.04613297150610583 0.004705882352941176 0.016282225237449117
1 0.7996078431372549 0.04613297150610583 0.007058823529411765 0.016282225237449117
1 0.7905882352941176 0.04613297150610583 0.006274509803921568 0.016282225237449117
1 0.7815686274509804 0.04613297150610583 0.008627450980392156 0.016282225237449117
1 0.7698039215686274 0.04613297150610583 0.007058823529411765 0.016282225237449117
1 0.7607843137254902 0.04613297150610583 0.006274509803921568 0.016282225237449117
1 0.7313725490196078 0.04613297150610583 0.008627450980392156 0.016282225237449117
1 0.7227450980392157 0.04613297150610583 0.007058823529411765 0.016282225237449117
1 0.7137254901960784 0.04613297150610583 0.00784313725490196 0.016282225237449117
1 0.7635294117647059 0.025101763907734057 0.007058823529411765 0.009497964721845319
1 0.851764705882353 0.022388059701492536 0.00784313725490196 0.014925373134328358
1 0.8654901960784314 0.021709633649932156 0.013333333333333334 0.016282225237449117
1 0.8407843137254902 0.021709633649932156 0.004705882352941176 0.016282225237449117
1 0.8325490196078431 0.021709633649932156 0.008627450980392156 0.016282225237449117
1 0.8117647058823529 0.021709633649932156 0.006274509803921568 0.016282225237449117
1 0.8031372549019608 0.021709633649932156 0.006274509803921568 0.016282225237449117
1 0.7815686274509804 0.021709633649932156 0.007058823529411765 0.016282225237449117
1 0.7549019607843137 0.021709633649932156 0.008627450980392156 0.016282225237449117
1 0.7470588235294118 0.021709633649932156 0.005490196078431373 0.016282225237449117
1 0.5215686274509804 0.021709633649932156 0.00784313725490196 0.016282225237449117
1 0.5121568627450981 0.021709633649932156 0.00784313725490196 0.016282225237449117
1 0.5031372549019608 0.021709633649932156 0.007058823529411765 0.016282225237449117
1 0.1207843137254902 0.021709633649932156 0.00784313725490196 0.016282225237449117
1 0.11137254901960784 0.021709633649932156 0.00784313725490196 0.016282225237449117
1 0.10196078431372549 0.021709633649932156 0.00784313725490196 0.016282225237449117
1 0.09490196078431372 0.021709633649932156 0.006274509803921568 0.016282225237449117
1 0.08235294117647059 0.021709633649932156 0.00784313725490196 0.016282225237449117
1 0.07294117647058823 0.021709633649932156 0.00784313725490196 0.016282225237449117
1 0.06352941176470588 0.021709633649932156 0.00784313725490196 0.016282225237449117
1 0.05450980392156863 0.021709633649932156 0.007058823529411765 0.016282225237449117
1 0.04627450980392157 0.021709633649932156 0.006274509803921568 0.016282225237449117
1 0.03529411764705882 0.021709633649932156 0.006274509803921568 0.016282225237449117
1 0.025098039215686273 0.021709633649932156 0.006274509803921568 0.016282225237449117
1 0.01607843137254902 0.021709633649932156 0.007058823529411765 0.016282225237449117
1 0.00784313725490196 0.021709633649932156 0.006274509803921568 0.016282225237449117