1 0.04 0.9830393487109905 0.004705882352941176 0.012211668928086838
1 0.0392156862745098 0.9789687924016283 0.004705882352941176 0.012211668928086838
1 0.01411764705882353 0.9810040705563093 0.00784313725490196 0.016282225237449117
1 0.007058823529411765 0.9810040705563093 0.004705882352941176 0.016282225237449117
1 0.9929411764705882 0.9776119402985075 0.004705882352941176 0.012211668928086838
1 0.9862745098039216 0.9796472184531886 0.005490196078431373 0.016282225237449117
1 0.971764705882353 0.9796472184531886 0.00784313725490196 0.016282225237449117
1 0.00823529411764706 0.9592944369063772 0.007058823529411765 0.010854816824966078
1 0.9937254901960785 0.9572591587516961 0.004705882352941176 0.012211668928086838
1 0.01647058823529412 0.9565807327001357 0.004705882352941176 0.016282225237449117
1 0.9858823529411764 0.9552238805970149 0.004705882352941176 0.016282225237449117
1 0.4505882352941176 0.9389416553595658 0.043137254901960784 0.008141112618724558
1 0.5658823529411765 0.9382632293080054 0.04941176470588235 0.009497964721845319
1 0.6247058823529412 0.9226594301221167 0.021176470588235293 0.008141112618724558
1 0.25254901960784315 0.8324287652645862 0.01568627450980392 0.031207598371777476
1 0.3686274509803922 0.6824966078697422 0.0203921568627451 0.027137042062415198
1 0.6376470588235295 0.6723202170963365 0.025098039215686273 0.036635006784260515
1 0.9823529411764705 0.6438263229308006 0.008627450980392156 0.012211668928086838
1 0.9741176470588235 0.6438263229308006 0.004705882352941176 0.012211668928086838
1 0.9670588235294117 0.6417910447761194 0.004705882352941176 0.016282225237449117
1 0.49529411764705883 0.6506105834464043 0.058823529411764705 0.19402985074626866
1 0.6235294117647059 0.5454545454545454 0.006274509803921568 0.010854816824966078
1 0.37411764705882355 0.5508819538670285 0.01568627450980392 0.027137042062415198
1 0.38 0.5244233378561737 0.014901960784313726 0.0203527815468114
1 0.008627450980392156 0.5047489823609227 0.00784313725490196 0.016282225237449117
1 0.31450980392156863 0.5020352781546812 0.009411764705882352 0.035278154681139755
1 0.984313725490196 0.5081411126187245 0.006274509803921568 0.24016282225237448
1 0.03882352941176471 0.16960651289009498 0.007058823529411765 0.016282225237449117
1 0.014509803921568627 0.16960651289009498 0.005490196078431373 0.016282225237449117
1 0.007450980392156863 0.16960651289009498 0.005490196078431373 0.016282225237449117
1 0.014901960784313726 0.14721845318860244 0.004705882352941176 0.012211668928086838
1 0.06 0.1451831750339213 0.008627450980392156 0.016282225237449117
1 0.049019607843137254 0.1451831750339213 0.005490196078431373 0.016282225237449117
1 0.024705882352941175 0.1451831750339213 0.005490196078431373 0.016282225237449117
1 0.01411764705882353 0.14314789687924015 0.004705882352941176 0.012211668928086838
1 0.04156862745098039 0.12279511533242876 0.004705882352941176 0.012211668928086838
1 0.05568627450980392 0.11668928086838534 0.004705882352941176 0.008141112618724558
1 0.049019607843137254 0.12075983717774763 0.005490196078431373 0.016282225237449117
1 0.03490196078431373 0.12075983717774763 0.005490196078431373 0.016282225237449117
1 0.024705882352941175 0.11668928086838534 0.005490196078431373 0.008141112618724558
1 0.01764705882352941 0.12075983717774763 0.005490196078431373 0.016282225237449117
1 0.007450980392156863 0.12075983717774763 0.005490196078431373 0.016282225237449117
1 0.008627450980392156 0.09905020352781546 0.006274509803921568 0.010854816824966078
1 0.06235294117647059 0.09633649932157395 0.005490196078431373 0.016282225237449117
1 0.025490196078431372 0.09633649932157395 0.005490196078431373 0.016282225237449117
1 0.056862745098039215 0.07462686567164178 0.005490196078431373 0.010854816824966078
1 0.8133333333333334 0.07259158751696065 0.004705882352941176 0.012211668928086838
1 0.8066666666666666 0.07259158751696065 0.005490196078431373 0.012211668928086838
1 0.7933333333333333 0.07259158751696065 0.005490196078431373 0.012211668928086838
1 0.7847058823529411 0.07259158751696065 0.008627450980392156 0.012211668928086838
1 0.06392156862745098 0.07191316146540028 0.005490196078431373 0.016282225237449117
1 0.04980392156862745 0.07191316146540028 0.005490196078431373 0.016282225237449117
1 0.025490196078431372 0.07191316146540028 0.005490196078431373 0.016282225237449117
1 0.015294117647058824 0.07191316146540028 0.005490196078431373 0.016282225237449117
1 0.8650980392156863 0.07055630936227951 0.004705882352941176 0.016282225237449117
1 0.8443137254901961 0.07055630936227951 0.005490196078431373 0.016282225237449117
1 0.8301960784313726 0.07055630936227951 0.005490196078431373 0.016282225237449117
1 0.7756862745098039 0.07055630936227951 0.006274509803921568 0.016282225237449117
1 0.09019607843137255 0.04952510176390773 0.004705882352941176 0.012211668928086838
1 0.8686274509803922 0.04816824966078698 0.007058823529411765 0.012211668928086838
1 0.7525490196078432 0.04816824966078698 0.005490196078431373 0.012211668928086838
1 0.7447058823529412 0.04816824966078698 0.007058823529411765 0.012211668928086838
1 0.08274509803921569 0.04748982360922659 0.005490196078431373 0.016282225237449117
1 0.07529411764705882 0.04341926729986431 0.004705882352941176 0.008141112618724558
1 0.06862745098039216 0.04748982360922659 0.005490196078431373 0.016282225237449117
1 0.05764705882352941 0.04748982360922659 0.005490196078431373 0.016282225237449117
1 0.05058823529411765 0.04748982360922659 0.005490196078431373 0.016282225237449117
1 0.0392156862745098 0.045454545454545456 0.004705882352941176 0.012211668928086838
1 0.025098039215686273 0.045454545454545456 0.004705882352941176 0.012211668928086838
1 0.011372549019607842 0.04748982360922659 0.007058823529411765 0.016282225237449117
1 0.8345098039215686 0.04613297150610583 0.006274509803921568 0.016282225237449117
1 0.8164705882352942 0.04613297150610583 0.004705882352941176 0.016282225237449117
1 0.7996078431372549 0.04613297150610583 0.007058823529411765 0.016282225237449117
1 0.7913725490196079 0.04613297150610583 0.006274509803921568 0.016282225237449117
1 0.7819607843137255 0.04613297150610583 0.00784313725490196 0.016282225237449117
1 0.7737254901960784 0.04613297150610583 0.007058823529411765 0.016282225237449117
1 0.8427450980392157 0.023744911804613297 0.005490196078431373 0.012211668928086838
1 0.836078431372549 0.023744911804613297 0.004705882352941176 0.012211668928086838
1 0.8192156862745098 0.023744911804613297 0.005490196078431373 0.012211668928086838
1 0.7929411764705883 0.023744911804613297 0.004705882352941176 0.012211668928086838
1 0.7823529411764706 0.023744911804613297 0.005490196078431373 0.012211668928086838
1 0.8262745098039216 0.021709633649932156 0.005490196078431373 0.016282225237449117
1 0.7992156862745098 0.021709633649932156 0.004705882352941176 0.016282225237449117
1 0.7752941176470588 0.021709633649932156 0.005490196078431373 0.016282225237449117
1 0.5031372549019608 0.021709633649932156 0.007058823529411765 0.016282225237449117
1 0.16627450980392156 0.021709633649932156 0.006274509803921568 0.016282225237449117
1 0.1568627450980392 0.021709633649932156 0.00784313725490196 0.016282225237449117
1 0.14823529411764705 0.021709633649932156 0.00784313725490196 0.016282225237449117
1 0.1392156862745098 0.021709633649932156 0.007058823529411765 0.016282225237449117
1 0.13019607843137254 0.021709633649932156 0.00784313725490196 0.016282225237449117
1 0.1207843137254902 0.021709633649932156 0.00784313725490196 0.016282225237449117
1 0.10549019607843137 0.021709633649932156 0.007058823529411765 0.016282225237449117
1 0.09725490196078432 0.021709633649932156 0.006274509803921568 0.016282225237449117
1 0.08745098039215686 0.021709633649932156 0.007058823529411765 0.016282225237449117
1 0.0784313725490196 0.022388059701492536 0.00784313725490196 0.017639077340569877
1 0.06588235294117648 0.021709633649932156 0.00784313725490196 0.016282225237449117
1 0.05647058823529412 0.021709633649932156 0.00784313725490196 0.016282225237449117
1 0.047058823529411764 0.021709633649932156 0.00784313725490196 0.016282225237449117
1 0.03725490196078431 0.021709633649932156 0.008627450980392156 0.016282225237449117
1 0.027450980392156862 0.021709633649932156 0.00784313725490196 0.016282225237449117
1 0.018823529411764704 0.021709633649932156 0.00784313725490196 0.016282225237449117
1 0.009019607843137255 0.021709633649932156 0.008627450980392156 0.016282225237449117