1 0.008627450980392156 0.9837177747625508 0.006274509803921568 0.010854816824966078
1 0.06313725490196079 0.9830393487109905 0.005490196078431373 0.012211668928086838
1 0.052941176470588235 0.9810040705563093 0.005490196078431373 0.016282225237449117
1 0.04588235294117647 0.9810040705563093 0.005490196078431373 0.016282225237449117
1 0.017254901960784313 0.9810040705563093 0.006274509803921568 0.016282225237449117
1 0.9929411764705882 0.9776119402985075 0.004705882352941176 0.012211668928086838
1 0.9862745098039216 0.9796472184531886 0.005490196078431373 0.016282225237449117
1 0.971764705882353 0.9796472184531886 0.00784313725490196 0.016282225237449117
1 0.032549019607843135 0.9592944369063772 0.005490196078431373 0.010854816824966078
1 0.9937254901960785 0.9572591587516961 0.004705882352941176 0.012211668928086838
1 0.0392156862745098 0.9545454545454546 0.004705882352941176 0.012211668928086838
1 0.01568627450980392 0.9565807327001357 0.006274509803921568 0.016282225237449117
1 0.007058823529411765 0.9565807327001357 0.004705882352941176 0.016282225237449117
1 0.9858823529411764 0.9552238805970149 0.004705882352941176 0.016282225237449117
1 0.042352941176470586 0.9341926729986432 0.004705882352941176 0.012211668928086838
1 0.02588235294117647 0.9341926729986432 0.004705882352941176 0.012211668928086838
1 0.009019607843137255 0.9341926729986432 0.008627450980392156 0.012211668928086838
1 0.03568627450980392 0.932157394843962 0.005490196078431373 0.016282225237449117
1 0.01843137254901961 0.932157394843962 0.008627450980392156 0.016282225237449117
1 0.008627450980392156 0.9104477611940298 0.006274509803921568 0.010854816824966078
1 0.0780392156862745 0.9118046132971506 0.005490196078431373 0.016282225237449117
1 0.0396078431372549 0.9118046132971506 0.005490196078431373 0.016282225237449117
1 0.11411764705882353 0.9077340569877883 0.005490196078431373 0.016282225237449117
1 0.08588235294117647 0.9077340569877883 0.007058823529411765 0.016282225237449117
1 0.07098039215686275 0.9077340569877883 0.005490196078431373 0.016282225237449117
1 0.056862745098039215 0.9077340569877883 0.005490196078431373 0.016282225237449117
1 0.01647058823529412 0.9077340569877883 0.004705882352941176 0.016282225237449117
1 0.40588235294117647 0.8473541383989145 0.11215686274509803 0.031207598371777476
1 0.5745098039215686 0.8466757123473542 0.11529411764705882 0.032564450474898234
1 0.2647058823529412 0.7795115332428765 0.03215686274509804 0.023066485753052916
1 0.7180392156862745 0.776797829036635 0.04627450980392157 0.033921302578018994
1 0.4992156862745098 0.7360922659430122 0.013333333333333334 0.025780189959294438
1 0.9823529411764705 0.6465400271370421 0.008627450980392156 0.012211668928086838
1 0.9741176470588235 0.6465400271370421 0.004705882352941176 0.012211668928086838
1 0.32235294117647056 0.6478968792401628 0.02196078431372549 0.050203527815468114
1 0.6890196078431372 0.6268656716417911 0.01647058823529412 0.037991858887381276
1 0.503921568627451 0.6255088195386703 0.0792156862745098 0.17367706919945725
1 0.008627450980392156 0.5047489823609227 0.00784313725490196 0.016282225237449117
1 0.7047058823529412 0.5040705563093623 0.013333333333333334 0.03934871099050204
1 0.2996078431372549 0.49050203527815467 0.012549019607843137 0.04748982360922659
1 0.984313725490196 0.5081411126187245 0.006274509803921568 0.24559023066485752
1 0.6658823529411765 0.35617367706919945 0.009411764705882352 0.04206241519674356
1 0.03882352941176471 0.16960651289009498 0.007058823529411765 0.016282225237449117
1 0.0603921568627451 0.1451831750339213 0.006274509803921568 0.016282225237449117
1 0.049019607843137254 0.1451831750339213 0.005490196078431373 0.016282225237449117
1 0.014509803921568627 0.1451831750339213 0.005490196078431373 0.016282225237449117
1 0.007450980392156863 0.12279511533242876 0.005490196078431373 0.012211668928086838
1 0.049019607843137254 0.12075983717774763 0.005490196078431373 0.016282225237449117
1 0.04196078431372549 0.12075983717774763 0.005490196078431373 0.016282225237449117
1 0.034509803921568626 0.12075983717774763 0.004705882352941176 0.016282225237449117
1 0.02784313725490196 0.12075983717774763 0.005490196078431373 0.016282225237449117
1 0.008627450980392156 0.09905020352781546 0.006274509803921568 0.010854816824966078
1 0.05529411764705883 0.09633649932157395 0.005490196078431373 0.016282225237449117
1 0.04823529411764706 0.09633649932157395 0.005490196078431373 0.016282225237449117
1 0.041176470588235294 0.09633649932157395 0.005490196078431373 0.016282225237449117
1 0.025490196078431372 0.09633649932157395 0.005490196078431373 0.016282225237449117
1 0.056862745098039215 0.07462686567164178 0.005490196078431373 0.010854816824966078
1 0.015294117647058824 0.07462686567164178 0.005490196078431373 0.010854816824966078
1 0.8133333333333334 0.07259158751696065 0.004705882352941176 0.012211668928086838
1 0.8066666666666666 0.07259158751696065 0.005490196078431373 0.012211668928086838
1 0.7933333333333333 0.07259158751696065 0.005490196078431373 0.012211668928086838
1 0.7847058823529411 0.07259158751696065 0.008627450980392156 0.012211668928086838
1 0.06392156862745098 0.07191316146540028 0.005490196078431373 0.016282225237449117
1 0.04980392156862745 0.07191316146540028 0.005490196078431373 0.016282225237449117
1 0.032549019607843135 0.07191316146540028 0.005490196078431373 0.016282225237449117
1 0.8650980392156863 0.07055630936227951 0.004705882352941176 0.016282225237449117
1 0.8443137254901961 0.07055630936227951 0.005490196078431373 0.016282225237449117
1 0.8301960784313726 0.07055630936227951 0.005490196078431373 0.016282225237449117
1 0.7756862745098039 0.07055630936227951 0.006274509803921568 0.016282225237449117
1 0.06862745098039216 0.050203527815468114 0.005490196078431373 0.010854816824966078
1 0.8686274509803922 0.04816824966078698 0.007058823529411765 0.012211668928086838
1 0.7525490196078432 0.04816824966078698 0.005490196078431373 0.012211668928086838
1 0.7447058823529412 0.04816824966078698 0.007058823529411765 0.012211668928086838
1 0.08980392156862745 0.04748982360922659 0.005490196078431373 0.016282225237449117
1 0.08274509803921569 0.04748982360922659 0.005490196078431373 0.016282225237449117
1 0.07568627450980392 0.04748982360922659 0.005490196078431373 0.016282225237449117
1 0.05764705882352941 0.04748982360922659 0.005490196078431373 0.016282225237449117
1 0.0392156862745098 0.045454545454545456 0.004705882352941176 0.012211668928086838
1 0.025098039215686273 0.045454545454545456 0.004705882352941176 0.012211668928086838
1 0.011372549019607842 0.04748982360922659 0.007058823529411765 0.016282225237449117
1 0.8345098039215686 0.04613297150610583 0.006274509803921568 0.016282225237449117
1 0.8164705882352942 0.04613297150610583 0.004705882352941176 0.016282225237449117
1 0.7996078431372549 0.04613297150610583 0.007058823529411765 0.016282225237449117
1 0.7913725490196079 0.04613297150610583 0.006274509803921568 0.016282225237449117
1 0.7819607843137255 0.04613297150610583 0.00784313725490196 0.016282225237449117
1 0.7737254901960784 0.04613297150610583 0.007058823529411765 0.016282225237449117
1 0.8427450980392157 0.023744911804613297 0.005490196078431373 0.012211668928086838
1 0.836078431372549 0.023744911804613297 0.004705882352941176 0.012211668928086838
1 0.8192156862745098 0.023744911804613297 0.005490196078431373 0.012211668928086838
1 0.7929411764705883 0.023744911804613297 0.004705882352941176 0.012211668928086838
1 0.7823529411764706 0.023744911804613297 0.005490196078431373 0.012211668928086838
1 0.8262745098039216 0.021709633649932156 0.005490196078431373 0.016282225237449117
1 0.7992156862745098 0.021709633649932156 0.004705882352941176 0.016282225237449117
1 0.7752941176470588 0.021709633649932156 0.005490196078431373 0.016282225237449117
1 0.5031372549019608 0.021709633649932156 0.007058823529411765 0.016282225237449117
1 0.18274509803921568 0.021709633649932156 0.00784313725490196 0.016282225237449117
1 0.17058823529411765 0.021709633649932156 0.007058823529411765 0.016282225237449117
1 0.16156862745098038 0.021709633649932156 0.00784313725490196 0.016282225237449117
1 0.15215686274509804 0.021709633649932156 0.00784313725490196 0.016282225237449117
1 0.14313725490196078 0.021709633649932156 0.007058823529411765 0.016282225237449117
1 0.13411764705882354 0.021709633649932156 0.00784313725490196 0.016282225237449117
1 0.12470588235294118 0.021709633649932156 0.00784313725490196 0.016282225237449117
1 0.11254901960784314 0.021709633649932156 0.007058823529411765 0.016282225237449117
1 0.10392156862745099 0.021709633649932156 0.007058823529411765 0.016282225237449117
1 0.09568627450980392 0.021709633649932156 0.006274509803921568 0.016282225237449117
1 0.08745098039215686 0.021709633649932156 0.008627450980392156 0.016282225237449117
1 0.07529411764705882 0.021709633649932156 0.00784313725490196 0.016282225237449117
1 0.06627450980392156 0.021709633649932156 0.007058823529411765 0.016282225237449117
1 0.056862745098039215 0.021709633649932156 0.008627450980392156 0.016282225237449117
1 0.04666666666666667 0.021709633649932156 0.008627450980392156 0.016282225237449117
1 0.03725490196078431 0.021709633649932156 0.008627450980392156 0.016282225237449117
1 0.02823529411764706 0.021709633649932156 0.00784313725490196 0.016282225237449117
1 0.018823529411764704 0.021709633649932156 0.00784313725490196 0.016282225237449117
1 0.009019607843137255 0.021709633649932156 0.008627450980392156 0.016282225237449117