1 0.008627450980392156 0.9837177747625508 0.006274509803921568 0.010854816824966078
1 0.052941176470588235 0.9810040705563093 0.005490196078431373 0.016282225237449117
1 0.04588235294117647 0.9810040705563093 0.005490196078431373 0.016282225237449117
1 0.017254901960784313 0.9810040705563093 0.006274509803921568 0.016282225237449117
1 0.9929411764705882 0.9776119402985075 0.004705882352941176 0.012211668928086838
1 0.9862745098039216 0.9796472184531886 0.005490196078431373 0.016282225237449117
1 0.971764705882353 0.9796472184531886 0.00784313725490196 0.016282225237449117
1 0.032549019607843135 0.9592944369063772 0.005490196078431373 0.010854816824966078
1 0.9937254901960785 0.9572591587516961 0.004705882352941176 0.012211668928086838
1 0.0392156862745098 0.9545454545454546 0.004705882352941176 0.012211668928086838
1 0.01568627450980392 0.9565807327001357 0.006274509803921568 0.016282225237449117
1 0.007058823529411765 0.9565807327001357 0.004705882352941176 0.016282225237449117
1 0.9858823529411764 0.9552238805970149 0.004705882352941176 0.016282225237449117
1 0.042352941176470586 0.9341926729986432 0.004705882352941176 0.012211668928086838
1 0.02588235294117647 0.9341926729986432 0.004705882352941176 0.012211668928086838
1 0.009019607843137255 0.9341926729986432 0.008627450980392156 0.012211668928086838
1 0.03568627450980392 0.932157394843962 0.005490196078431373 0.016282225237449117
1 0.01843137254901961 0.932157394843962 0.008627450980392156 0.016282225237449117
1 0.008627450980392156 0.9104477611940298 0.006274509803921568 0.010854816824966078
1 0.0780392156862745 0.9118046132971506 0.005490196078431373 0.016282225237449117
1 0.0396078431372549 0.9118046132971506 0.005490196078431373 0.016282225237449117
1 0.11411764705882353 0.9077340569877883 0.005490196078431373 0.016282225237449117
1 0.08588235294117647 0.9077340569877883 0.007058823529411765 0.016282225237449117
1 0.07098039215686275 0.9077340569877883 0.005490196078431373 0.016282225237449117
1 0.056862745098039215 0.9077340569877883 0.005490196078431373 0.016282225237449117
1 0.01647058823529412 0.9077340569877883 0.004705882352941176 0.016282225237449117
1 0.4988235294117647 0.8086838534599728 0.3388235294117647 0.04613297150610583
1 0.24 0.7347354138398915 0.04392156862745098 0.031207598371777476
1 0.7505882352941177 0.7313432835820896 0.06274509803921569 0.04613297150610583
1 0.9823529411764705 0.6601085481682497 0.008627450980392156 0.012211668928086838
1 0.9741176470588235 0.6601085481682497 0.004705882352941176 0.012211668928086838
1 0.008627450980392156 0.5047489823609227 0.00784313725490196 0.016282225237449117
1 0.38666666666666666 0.48032564450474896 0.004705882352941176 0.008141112618724558
1 0.48627450980392156 0.5542740841248304 0.14274509803921567 0.17774762550881953
1 0.984313725490196 0.5081411126187245 0.006274509803921568 0.2727272727272727
1 0.007450980392156863 0.17164179104477612 0.005490196078431373 0.012211668928086838
1 0.03882352941176471 0.16960651289009498 0.007058823529411765 0.016282225237449117
1 0.05333333333333334 0.1451831750339213 0.006274509803921568 0.016282225237449117
1 0.04196078431372549 0.1451831750339213 0.005490196078431373 0.016282225237449117
1 0.024705882352941175 0.1451831750339213 0.005490196078431373 0.016282225237449117
1 0.01764705882352941 0.1451831750339213 0.005490196078431373 0.016282225237449117
1 0.007450980392156863 0.1451831750339213 0.005490196078431373 0.016282225237449117
1 0.049019607843137254 0.12075983717774763 0.005490196078431373 0.016282225237449117
1 0.04196078431372549 0.12075983717774763 0.005490196078431373 0.016282225237449117
1 0.034509803921568626 0.12075983717774763 0.004705882352941176 0.016282225237449117
1 0.02784313725490196 0.12075983717774763 0.005490196078431373 0.016282225237449117
1 0.01764705882352941 0.12075983717774763 0.005490196078431373 0.016282225237449117
1 0.008627450980392156 0.09905020352781546 0.006274509803921568 0.010854816824966078
1 0.041176470588235294 0.09633649932157395 0.005490196078431373 0.016282225237449117
1 0.025490196078431372 0.09633649932157395 0.005490196078431373 0.016282225237449117
1 0.015294117647058824 0.07394843962008141 0.005490196078431373 0.012211668928086838
1 0.8133333333333334 0.07259158751696065 0.004705882352941176 0.012211668928086838
1 0.8066666666666666 0.07259158751696065 0.005490196078431373 0.012211668928086838
1 0.7933333333333333 0.07259158751696065 0.005490196078431373 0.012211668928086838
1 0.7847058823529411 0.07259158751696065 0.008627450980392156 0.012211668928086838
1 0.056862745098039215 0.07191316146540028 0.005490196078431373 0.016282225237449117
1 0.04980392156862745 0.07191316146540028 0.005490196078431373 0.016282225237449117
1 0.04274509803921569 0.07191316146540028 0.005490196078431373 0.016282225237449117
1 0.025490196078431372 0.07191316146540028 0.005490196078431373 0.016282225237449117
1 0.8650980392156863 0.07055630936227951 0.004705882352941176 0.016282225237449117
1 0.8443137254901961 0.07055630936227951 0.005490196078431373 0.016282225237449117
1 0.8301960784313726 0.07055630936227951 0.005490196078431373 0.016282225237449117
1 0.7756862745098039 0.07055630936227951 0.006274509803921568 0.016282225237449117
1 0.08274509803921569 0.050203527815468114 0.005490196078431373 0.010854816824966078
1 0.8686274509803922 0.04816824966078698 0.007058823529411765 0.012211668928086838
1 0.7525490196078432 0.04816824966078698 0.005490196078431373 0.012211668928086838
1 0.7447058823529412 0.04816824966078698 0.007058823529411765 0.012211668928086838
1 0.07568627450980392 0.04613297150610583 0.005490196078431373 0.013568521031207599
1 0.06862745098039216 0.04748982360922659 0.005490196078431373 0.016282225237449117
1 0.05764705882352941 0.04748982360922659 0.005490196078431373 0.016282225237449117
1 0.05058823529411765 0.04748982360922659 0.005490196078431373 0.016282225237449117
1 0.0392156862745098 0.045454545454545456 0.004705882352941176 0.012211668928086838
1 0.025098039215686273 0.045454545454545456 0.004705882352941176 0.012211668928086838
1 0.011372549019607842 0.04748982360922659 0.007058823529411765 0.016282225237449117
1 0.8345098039215686 0.04613297150610583 0.006274509803921568 0.016282225237449117
1 0.8164705882352942 0.04613297150610583 0.004705882352941176 0.016282225237449117
1 0.7996078431372549 0.04613297150610583 0.007058823529411765 0.016282225237449117
1 0.7913725490196079 0.04613297150610583 0.006274509803921568 0.016282225237449117
1 0.7819607843137255 0.04613297150610583 0.00784313725490196 0.016282225237449117
1 0.7737254901960784 0.04613297150610583 0.007058823529411765 0.016282225237449117
1 0.8427450980392157 0.023744911804613297 0.005490196078431373 0.012211668928086838
1 0.836078431372549 0.023744911804613297 0.004705882352941176 0.012211668928086838
1 0.8192156862745098 0.023744911804613297 0.005490196078431373 0.012211668928086838
1 0.7929411764705883 0.023744911804613297 0.004705882352941176 0.012211668928086838
1 0.7823529411764706 0.023744911804613297 0.005490196078431373 0.012211668928086838
1 0.8262745098039216 0.021709633649932156 0.005490196078431373 0.016282225237449117
1 0.7992156862745098 0.021709633649932156 0.004705882352941176 0.016282225237449117
1 0.7752941176470588 0.021709633649932156 0.005490196078431373 0.016282225237449117
1 0.5031372549019608 0.021709633649932156 0.007058823529411765 0.016282225237449117
1 0.1607843137254902 0.021709633649932156 0.006274509803921568 0.016282225237449117
1 0.15254901960784314 0.021709633649932156 0.007058823529411765 0.016282225237449117
1 0.1407843137254902 0.021709633649932156 0.007058823529411765 0.016282225237449117
1 0.12862745098039216 0.021709633649932156 0.00784313725490196 0.016282225237449117
1 0.1192156862745098 0.021709633649932156 0.00784313725490196 0.016282225237449117
1 0.10666666666666667 0.021709633649932156 0.00784313725490196 0.016282225237449117
1 0.09372549019607843 0.021709633649932156 0.008627450980392156 0.016282225237449117
1 0.08392156862745098 0.021709633649932156 0.00784313725490196 0.016282225237449117
1 0.07529411764705882 0.021709633649932156 0.00784313725490196 0.016282225237449117
1 0.06627450980392156 0.021709633649932156 0.007058823529411765 0.016282225237449117
1 0.056862745098039215 0.021709633649932156 0.008627450980392156 0.016282225237449117
1 0.04666666666666667 0.021709633649932156 0.008627450980392156 0.016282225237449117
1 0.03725490196078431 0.021709633649932156 0.008627450980392156 0.016282225237449117
1 0.02823529411764706 0.021709633649932156 0.00784313725490196 0.016282225237449117
1 0.018823529411764704 0.021709633649932156 0.00784313725490196 0.016282225237449117
1 0.009019607843137255 0.021709633649932156 0.008627450980392156 0.016282225237449117