1 0.008627450980392156 0.9837177747625508 0.006274509803921568 0.010854816824966078
1 0.05607843137254902 0.9810040705563093 0.005490196078431373 0.016282225237449117
1 0.04588235294117647 0.9810040705563093 0.005490196078431373 0.016282225237449117
1 0.03882352941176471 0.9810040705563093 0.005490196078431373 0.016282225237449117
1 0.03176470588235294 0.9810040705563093 0.005490196078431373 0.016282225237449117
1 0.017254901960784313 0.9810040705563093 0.006274509803921568 0.016282225237449117
1 0.9929411764705882 0.9776119402985075 0.004705882352941176 0.012211668928086838
1 0.9862745098039216 0.9796472184531886 0.005490196078431373 0.016282225237449117
1 0.971764705882353 0.9796472184531886 0.00784313725490196 0.016282225237449117
1 0.0392156862745098 0.9565807327001357 0.004705882352941176 0.016282225237449117
1 0.032549019607843135 0.9565807327001357 0.005490196078431373 0.016282225237449117
1 0.01568627450980392 0.9565807327001357 0.006274509803921568 0.016282225237449117
1 0.007058823529411765 0.9565807327001357 0.004705882352941176 0.016282225237449117
1 0.9862745098039216 0.9552238805970149 0.005490196078431373 0.016282225237449117
1 0.9792156862745098 0.9552238805970149 0.005490196078431373 0.016282225237449117
1 0.02588235294117647 0.9341926729986432 0.004705882352941176 0.012211668928086838
1 0.009019607843137255 0.9341926729986432 0.008627450980392156 0.012211668928086838
1 0.04980392156862745 0.932157394843962 0.005490196078431373 0.016282225237449117
1 0.04274509803921569 0.932157394843962 0.005490196078431373 0.016282225237449117
1 0.01843137254901961 0.932157394843962 0.008627450980392156 0.016282225237449117
1 0.08588235294117647 0.9111261872455902 0.007058823529411765 0.009497964721845319
1 0.008627450980392156 0.9104477611940298 0.006274509803921568 0.010854816824966078
1 0.0780392156862745 0.9118046132971506 0.005490196078431373 0.016282225237449117
1 0.056862745098039215 0.9097693351424695 0.005490196078431373 0.012211668928086838
1 0.0396078431372549 0.9118046132971506 0.005490196078431373 0.016282225237449117
1 0.09686274509803922 0.9077340569877883 0.005490196078431373 0.016282225237449117
1 0.07098039215686275 0.9077340569877883 0.005490196078431373 0.016282225237449117
1 0.01647058823529412 0.9077340569877883 0.004705882352941176 0.016282225237449117
1 0.36941176470588233 0.9050203527815468 0.02666666666666667 0.013568521031207599
1 0.6623529411764706 0.8989145183175034 0.01647058823529412 0.009497964721845319
1 0.72 0.8473541383989145 0.09725490196078432 0.09362279511533243
1 0.7152941176470589 0.7835820895522388 0.04392156862745098 0.031207598371777476
1 0.48274509803921567 0.8127544097693351 0.4196078431372549 0.10583446404341927
1 0.2917647058823529 0.8290366350067843 0.12705882352941175 0.1383989145183175
1 0.764313725490196 0.7584803256445047 0.03529411764705882 0.010854816824966078
1 0.2380392156862745 0.7510176390773405 0.01803921568627451 0.012211668928086838
1 0.9823529411764705 0.6329715061058344 0.008627450980392156 0.012211668928086838
1 0.9741176470588235 0.6329715061058344 0.004705882352941176 0.012211668928086838
1 0.9670588235294117 0.6309362279511533 0.004705882352941176 0.016282225237449117
1 0.48901960784313725 0.6112618724559024 0.007058823529411765 0.012211668928086838
1 0.39019607843137255 0.5515603799185889 0.007058823529411765 0.017639077340569877
1 0.39254901960784316 0.5312075983717774 0.008627450980392156 0.017639077340569877
1 0.008627450980392156 0.5047489823609227 0.00784313725490196 0.016282225237449117
1 0.38 0.5061058344640434 0.013333333333333334 0.035278154681139755
1 0.5035294117647059 0.5685210312075983 0.1223529411764706 0.17367706919945725
1 0.984313725490196 0.5081411126187245 0.006274509803921568 0.21845318860244234
1 0.03882352941176471 0.16960651289009498 0.007058823529411765 0.016282225237449117
1 0.014509803921568627 0.16960651289009498 0.005490196078431373 0.016282225237449117
1 0.007450980392156863 0.16960651289009498 0.005490196078431373 0.016282225237449117
1 0.04156862745098039 0.14721845318860244 0.004705882352941176 0.012211668928086838
1 0.05333333333333334 0.1451831750339213 0.006274509803921568 0.016282225237449117
1 0.03490196078431373 0.1451831750339213 0.005490196078431373 0.016282225237449117
1 0.02431372549019608 0.14314789687924015 0.004705882352941176 0.012211668928086838
1 0.01764705882352941 0.1451831750339213 0.005490196078431373 0.016282225237449117
1 0.04156862745098039 0.12279511533242876 0.004705882352941176 0.012211668928086838
1 0.05607843137254902 0.12075983717774763 0.005490196078431373 0.016282225237449117
1 0.049019607843137254 0.12075983717774763 0.005490196078431373 0.016282225237449117
1 0.03490196078431373 0.12075983717774763 0.005490196078431373 0.016282225237449117
1 0.04823529411764706 0.09905020352781546 0.005490196078431373 0.010854816824966078
1 0.008627450980392156 0.09905020352781546 0.006274509803921568 0.010854816824966078
1 0.041176470588235294 0.09837177747625508 0.005490196078431373 0.012211668928086838
1 0.054901960784313725 0.09430122116689281 0.004705882352941176 0.012211668928086838
1 0.025490196078431372 0.09633649932157395 0.005490196078431373 0.016282225237449117
1 0.025490196078431372 0.07598371777476255 0.005490196078431373 0.008141112618724558
1 0.8635294117647059 0.07259158751696065 0.004705882352941176 0.012211668928086838
1 0.8568627450980392 0.07259158751696065 0.005490196078431373 0.012211668928086838
1 0.8368627450980393 0.07259158751696065 0.004705882352941176 0.012211668928086838
1 0.8301960784313726 0.07259158751696065 0.005490196078431373 0.012211668928086838
1 0.8141176470588235 0.07259158751696065 0.004705882352941176 0.012211668928086838
1 0.8011764705882353 0.07259158751696065 0.005490196078431373 0.012211668928086838
1 0.7258823529411764 0.07259158751696065 0.007058823529411765 0.012211668928086838
1 0.06392156862745098 0.07191316146540028 0.005490196078431373 0.016282225237449117
1 0.056862745098039215 0.07191316146540028 0.005490196078431373 0.016282225237449117
1 0.04980392156862745 0.07191316146540028 0.005490196078431373 0.016282225237449117
1 0.8698039215686274 0.07055630936227951 0.004705882352941176 0.016282225237449117
1 0.8474509803921568 0.07055630936227951 0.005490196078431373 0.016282225237449117
1 0.7929411764705883 0.07055630936227951 0.006274509803921568 0.016282225237449117
1 0.7705882352941177 0.07055630936227951 0.007058823529411765 0.016282225237449117
1 0.7619607843137255 0.07055630936227951 0.007058823529411765 0.016282225237449117
1 0.7541176470588236 0.07055630936227951 0.008627450980392156 0.016282225237449117
1 0.7352941176470589 0.07055630936227951 0.007058823529411765 0.016282225237449117
1 0.7243137254901961 0.048846675712347354 0.007058823529411765 0.010854816824966078
1 0.692156862745098 0.04816824966078698 0.007058823529411765 0.012211668928086838
1 0.6717647058823529 0.04816824966078698 0.005490196078431373 0.012211668928086838
1 0.08274509803921569 0.04748982360922659 0.005490196078431373 0.016282225237449117
1 0.07529411764705882 0.045454545454545456 0.004705882352941176 0.012211668928086838
1 0.05764705882352941 0.04748982360922659 0.005490196078431373 0.016282225237449117
1 0.05019607843137255 0.04748982360922659 0.004705882352941176 0.016282225237449117
1 0.025098039215686273 0.045454545454545456 0.004705882352941176 0.012211668928086838
1 0.011372549019607842 0.04748982360922659 0.007058823529411765 0.016282225237449117
1 0.8482352941176471 0.04613297150610583 0.007058823529411765 0.016282225237449117
1 0.8364705882352941 0.04613297150610583 0.007058823529411765 0.016282225237449117
1 0.8168627450980392 0.04613297150610583 0.008627450980392156 0.016282225237449117
1 0.808235294117647 0.04613297150610583 0.007058823529411765 0.016282225237449117
1 0.787843137254902 0.04613297150610583 0.008627450980392156 0.016282225237449117
1 0.7674509803921569 0.04613297150610583 0.008627450980392156 0.016282225237449117
1 0.7588235294117647 0.04613297150610583 0.007058823529411765 0.016282225237449117
1 0.7509803921568627 0.04613297150610583 0.007058823529411765 0.016282225237449117
1 0.7415686274509804 0.04613297150610583 0.008627450980392156 0.016282225237449117
1 0.7329411764705882 0.04613297150610583 0.007058823529411765 0.016282225237449117
1 0.7125490196078431 0.04613297150610583 0.007058823529411765 0.016282225237449117
1 0.7015686274509804 0.04613297150610583 0.007058823529411765 0.016282225237449117
1 0.663921568627451 0.04613297150610583 0.007058823529411765 0.016282225237449117
1 0.8427450980392157 0.023744911804613297 0.005490196078431373 0.012211668928086838
1 0.836078431372549 0.023744911804613297 0.004705882352941176 0.012211668928086838
1 0.8192156862745098 0.023744911804613297 0.005490196078431373 0.012211668928086838
1 0.7929411764705883 0.023744911804613297 0.004705882352941176 0.012211668928086838
1 0.7823529411764706 0.023744911804613297 0.005490196078431373 0.012211668928086838
1 0.8262745098039216 0.021709633649932156 0.005490196078431373 0.016282225237449117
1 0.7992156862745098 0.021709633649932156 0.004705882352941176 0.016282225237449117
1 0.7752941176470588 0.021709633649932156 0.005490196078431373 0.016282225237449117
1 0.5031372549019608 0.021709633649932156 0.007058823529411765 0.016282225237449117
1 0.1780392156862745 0.021709633649932156 0.00784313725490196 0.016282225237449117
1 0.16862745098039217 0.021709633649932156 0.00784313725490196 0.016282225237449117
1 0.1592156862745098 0.021709633649932156 0.00784313725490196 0.016282225237449117
1 0.14666666666666667 0.021709633649932156 0.00784313725490196 0.016282225237449117
1 0.1380392156862745 0.021709633649932156 0.00784313725490196 0.016282225237449117
1 0.12901960784313726 0.021709633649932156 0.007058823529411765 0.016282225237449117
1 0.1207843137254902 0.021709633649932156 0.006274509803921568 0.016282225237449117
1 0.10901960784313726 0.021709633649932156 0.00784313725490196 0.016282225237449117
1 0.1 0.021709633649932156 0.007058823529411765 0.016282225237449117
1 0.09058823529411765 0.021709633649932156 0.008627450980392156 0.016282225237449117
1 0.0803921568627451 0.021709633649932156 0.008627450980392156 0.016282225237449117
1 0.07098039215686275 0.021709633649932156 0.007058823529411765 0.016282225237449117
1 0.06196078431372549 0.021709633649932156 0.00784313725490196 0.016282225237449117
1 0.05254901960784314 0.021709633649932156 0.00784313725490196 0.016282225237449117
1 0.04274509803921569 0.021709633649932156 0.008627450980392156 0.016282225237449117
1 0.02980392156862745 0.022388059701492536 0.00784313725490196 0.017639077340569877
1 0.017254901960784313 0.021709633649932156 0.00784313725490196 0.016282225237449117
1 0.008627450980392156 0.021709633649932156 0.006274509803921568 0.016282225237449117