1 0.5446521287642783 0.96 0.03842159916926272 0.011851851851851851
1 0.6806853582554517 0.9044444444444445 0.017653167185877467 0.01037037037037037
1 0.122533748701973 0.894074074074074 0.016614745586708203 0.01037037037037037
1 0.7030114226375909 0.8918518518518519 0.024922118380062305 0.014814814814814815
1 0.06178608515057113 0.8333333333333334 0.030114226375908618 0.0637037037037037
1 0.7616822429906542 0.8266666666666667 0.06334371754932502 0.10074074074074074
1 0.4257528556593977 0.7096296296296296 0.07061266874350987 0.13037037037037036
1 0.1853582554517134 0.6570370370370371 0.0446521287642783 0.057777777777777775
1 0.6687435098650052 0.6274074074074074 0.037383177570093455 0.06962962962962962
1 0.5887850467289719 0.5548148148148148 0.014537902388369679 0.022222222222222223
1 0.4236760124610592 0.5874074074074074 0.09553478712357218 0.1111111111111111