1 0.008627450980392156 0.9837177747625508 0.006274509803921568 0.010854816824966078
1 0.04627450980392157 0.9830393487109905 0.004705882352941176 0.012211668928086838
1 0.052941176470588235 0.9810040705563093 0.005490196078431373 0.016282225237449117
1 0.03882352941176471 0.9810040705563093 0.005490196078431373 0.016282225237449117
1 0.017254901960784313 0.9810040705563093 0.006274509803921568 0.016282225237449117
1 0.9929411764705882 0.9776119402985075 0.004705882352941176 0.012211668928086838
1 0.9862745098039216 0.9796472184531886 0.005490196078431373 0.016282225237449117
1 0.971764705882353 0.9796472184531886 0.00784313725490196 0.016282225237449117
1 0.032549019607843135 0.9592944369063772 0.005490196078431373 0.010854816824966078
1 0.9937254901960785 0.9572591587516961 0.004705882352941176 0.012211668928086838
1 0.0392156862745098 0.9545454545454546 0.004705882352941176 0.012211668928086838
1 0.01568627450980392 0.9565807327001357 0.006274509803921568 0.016282225237449117
1 0.007058823529411765 0.9565807327001357 0.004705882352941176 0.016282225237449117
1 0.9858823529411764 0.9552238805970149 0.004705882352941176 0.016282225237449117
1 0.042352941176470586 0.9341926729986432 0.004705882352941176 0.012211668928086838
1 0.02588235294117647 0.9341926729986432 0.004705882352941176 0.012211668928086838
1 0.009019607843137255 0.9341926729986432 0.008627450980392156 0.012211668928086838
1 0.03568627450980392 0.932157394843962 0.005490196078431373 0.016282225237449117
1 0.01843137254901961 0.932157394843962 0.008627450980392156 0.016282225237449117
1 0.4549019607843137 0.9280868385345997 0.20862745098039215 0.0407055630936228
1 0.7086274509803921 0.9470827679782904 0.14666666666666667 0.0814111261872456
1 0.008627450980392156 0.9104477611940298 0.006274509803921568 0.010854816824966078
1 0.0780392156862745 0.9118046132971506 0.005490196078431373 0.016282225237449117
1 0.0396078431372549 0.9118046132971506 0.005490196078431373 0.016282225237449117
1 0.11411764705882353 0.9077340569877883 0.005490196078431373 0.016282225237449117
1 0.08588235294117647 0.9077340569877883 0.007058823529411765 0.016282225237449117
1 0.07098039215686275 0.9077340569877883 0.005490196078431373 0.016282225237449117
1 0.056862745098039215 0.9077340569877883 0.005490196078431373 0.016282225237449117
1 0.01647058823529412 0.9077340569877883 0.004705882352941176 0.016282225237449117
1 0.6278431372549019 0.9219810040705563 0.13411764705882354 0.04748982360922659
1 0.3043137254901961 0.923337856173677 0.17254901960784313 0.12890094979647218
1 0.2647058823529412 0.8541383989145184 0.04 0.028493894165535955
1 0.7525490196078432 0.8602442333785617 0.058823529411764705 0.04341926729986431
1 0.2384313725490196 0.835820895522388 0.010980392156862745 0.008141112618724558
1 0.66 0.7238805970149254 0.021176470588235293 0.014925373134328358
1 0.9823529411764705 0.658751696065129 0.008627450980392156 0.012211668928086838
1 0.9741176470588235 0.658751696065129 0.004705882352941176 0.012211668928086838
1 0.5250980392156863 0.7035278154681139 0.04784313725490196 0.10176390773405698
1 0.9670588235294117 0.6546811397557666 0.004705882352941176 0.012211668928086838
1 0.5517647058823529 0.6573948439620081 0.007058823529411765 0.017639077340569877
1 0.31176470588235294 0.6180461329715061 0.0196078431372549 0.05834464043419267
1 0.7325490196078431 0.6132971506105834 0.02196078431372549 0.07327001356852103
1 0.5305882352941177 0.5895522388059702 0.08705882352941176 0.09905020352781546
1 0.4415686274509804 0.5495251017639078 0.04862745098039216 0.07869742198100407
1 0.008627450980392156 0.5047489823609227 0.00784313725490196 0.016282225237449117
1 0.984313725490196 0.5081411126187245 0.006274509803921568 0.2700135685210312
1 0.03882352941176471 0.16960651289009498 0.007058823529411765 0.016282225237449117
1 0.014509803921568627 0.16960651289009498 0.005490196078431373 0.016282225237449117
1 0.03176470588235294 0.14789687924016282 0.005490196078431373 0.010854816824966078
1 0.0603921568627451 0.1451831750339213 0.006274509803921568 0.016282225237449117
1 0.014509803921568627 0.1451831750339213 0.005490196078431373 0.016282225237449117
1 0.04196078431372549 0.12075983717774763 0.005490196078431373 0.016282225237449117
1 0.034509803921568626 0.12075983717774763 0.004705882352941176 0.016282225237449117
1 0.02784313725490196 0.12075983717774763 0.005490196078431373 0.016282225237449117
1 0.01764705882352941 0.12075983717774763 0.005490196078431373 0.016282225237449117
1 0.007450980392156863 0.12075983717774763 0.005490196078431373 0.016282225237449117
1 0.008627450980392156 0.09905020352781546 0.006274509803921568 0.010854816824966078
1 0.05529411764705883 0.09633649932157395 0.005490196078431373 0.016282225237449117
1 0.04823529411764706 0.09633649932157395 0.005490196078431373 0.016282225237449117
1 0.041176470588235294 0.09633649932157395 0.005490196078431373 0.016282225237449117
1 0.025490196078431372 0.09633649932157395 0.005490196078431373 0.016282225237449117
1 0.8133333333333334 0.07259158751696065 0.004705882352941176 0.012211668928086838
1 0.8066666666666666 0.07259158751696065 0.005490196078431373 0.012211668928086838
1 0.7933333333333333 0.07259158751696065 0.005490196078431373 0.012211668928086838
1 0.7847058823529411 0.07259158751696065 0.008627450980392156 0.012211668928086838
1 0.056862745098039215 0.07191316146540028 0.005490196078431373 0.016282225237449117
1 0.04980392156862745 0.07191316146540028 0.005490196078431373 0.016282225237449117
1 0.04274509803921569 0.07191316146540028 0.005490196078431373 0.016282225237449117
1 0.015294117647058824 0.07191316146540028 0.005490196078431373 0.016282225237449117
1 0.8650980392156863 0.07055630936227951 0.004705882352941176 0.016282225237449117
1 0.8443137254901961 0.07055630936227951 0.005490196078431373 0.016282225237449117
1 0.8301960784313726 0.07055630936227951 0.005490196078431373 0.016282225237449117
1 0.7756862745098039 0.07055630936227951 0.006274509803921568 0.016282225237449117
1 0.08274509803921569 0.04952510176390773 0.005490196078431373 0.012211668928086838
1 0.8686274509803922 0.04816824966078698 0.007058823529411765 0.012211668928086838
1 0.7525490196078432 0.04816824966078698 0.005490196078431373 0.012211668928086838
1 0.7447058823529412 0.04816824966078698 0.007058823529411765 0.012211668928086838
1 0.07568627450980392 0.04748982360922659 0.005490196078431373 0.016282225237449117
1 0.06862745098039216 0.04748982360922659 0.005490196078431373 0.016282225237449117
1 0.05764705882352941 0.04748982360922659 0.005490196078431373 0.016282225237449117
1 0.05058823529411765 0.04748982360922659 0.005490196078431373 0.016282225237449117
1 0.0392156862745098 0.045454545454545456 0.004705882352941176 0.012211668928086838
1 0.025098039215686273 0.045454545454545456 0.004705882352941176 0.012211668928086838
1 0.011372549019607842 0.04748982360922659 0.007058823529411765 0.016282225237449117
1 0.8345098039215686 0.04613297150610583 0.006274509803921568 0.016282225237449117
1 0.8164705882352942 0.04613297150610583 0.004705882352941176 0.016282225237449117
1 0.7996078431372549 0.04613297150610583 0.007058823529411765 0.016282225237449117
1 0.7913725490196079 0.04613297150610583 0.006274509803921568 0.016282225237449117
1 0.7819607843137255 0.04613297150610583 0.00784313725490196 0.016282225237449117
1 0.7737254901960784 0.04613297150610583 0.007058823529411765 0.016282225237449117
1 0.7635294117647059 0.025101763907734057 0.007058823529411765 0.009497964721845319
1 0.851764705882353 0.022388059701492536 0.00784313725490196 0.014925373134328358
1 0.8654901960784314 0.021709633649932156 0.013333333333333334 0.016282225237449117
1 0.8407843137254902 0.021709633649932156 0.004705882352941176 0.016282225237449117
1 0.8325490196078431 0.021709633649932156 0.008627450980392156 0.016282225237449117
1 0.8117647058823529 0.021709633649932156 0.006274509803921568 0.016282225237449117
1 0.8031372549019608 0.021709633649932156 0.006274509803921568 0.016282225237449117
1 0.7815686274509804 0.021709633649932156 0.007058823529411765 0.016282225237449117
1 0.7549019607843137 0.021709633649932156 0.008627450980392156 0.016282225237449117
1 0.7470588235294118 0.021709633649932156 0.005490196078431373 0.016282225237449117
1 0.5031372549019608 0.021709633649932156 0.007058823529411765 0.016282225237449117
1 0.1631372549019608 0.021709633649932156 0.00784313725490196 0.016282225237449117
1 0.15411764705882353 0.021709633649932156 0.007058823529411765 0.016282225237449117
1 0.14666666666666667 0.021709633649932156 0.006274509803921568 0.016282225237449117
1 0.1380392156862745 0.021709633649932156 0.006274509803921568 0.016282225237449117
1 0.12901960784313726 0.021709633649932156 0.007058823529411765 0.016282225237449117
1 0.1207843137254902 0.021709633649932156 0.006274509803921568 0.016282225237449117
1 0.10784313725490197 0.021709633649932156 0.008627450980392156 0.016282225237449117
1 0.09529411764705882 0.021709633649932156 0.007058823529411765 0.016282225237449117
1 0.08627450980392157 0.021709633649932156 0.00784313725490196 0.016282225237449117
1 0.07686274509803921 0.021709633649932156 0.00784313725490196 0.016282225237449117
1 0.06823529411764706 0.021709633649932156 0.006274509803921568 0.016282225237449117
1 0.05921568627450981 0.021709633649932156 0.007058823529411765 0.016282225237449117
1 0.04588235294117647 0.021709633649932156 0.011764705882352941 0.016282225237449117
1 0.03568627450980392 0.021709633649932156 0.007058823529411765 0.016282225237449117
1 0.02666666666666667 0.021709633649932156 0.00784313725490196 0.016282225237449117
1 0.017254901960784313 0.021709633649932156 0.00784313725490196 0.016282225237449117
1 0.008627450980392156 0.021709633649932156 0.006274509803921568 0.016282225237449117