1 0.3324468085106383 0.9591381872213968 0.047872340425531915 0.010401188707280832
1 0.7107712765957447 0.950965824665676 0.057180851063829786 0.014858841010401188
1 0.8610372340425532 0.899702823179792 0.022606382978723406 0.010401188707280832
1 0.1449468085106383 0.8982169390787519 0.02925531914893617 0.01337295690936107
1 0.894281914893617 0.8848439821693908 0.041223404255319146 0.019316493313521546
1 0.0598404255319149 0.8343239227340268 0.0425531914893617 0.06686478454680535
1 0.9607712765957447 0.8224368499257058 0.0678191489361702 0.09361069836552749
1 0.5226063829787234 0.7392273402674592 0.013297872340425532 0.02823179791976226
1 0.34773936170212766 0.5817236255572066 0.011968085106382979 0.010401188707280832
1 0.1768617021276596 0.5891530460624071 0.034574468085106384 0.0549777117384844
1 0.5166223404255319 0.6099554234769688 0.1981382978723404 0.1827637444279346