1 0.5325490196078432 0.6716417910447762 0.010980392156862745 0.035278154681139755
1 0.7090196078431372 0.6540027137042063 0.004705882352941176 0.010854816824966078
1 0.5345098039215687 0.7157394843962008 0.07294117647058823 0.13704206241519673
1 0.3517647058823529 0.6567164179104478 0.01647058823529412 0.021709633649932156
1 0.49058823529411766 0.6241519674355496 0.011764705882352941 0.013568521031207599
1 0.49019607843137253 0.6092265943012212 0.006274509803921568 0.013568521031207599
1 0.5180392156862745 0.5468113975576662 0.007058823529411765 0.008141112618724558
1 0.5396078431372549 0.5841248303934871 0.09098039215686274 0.11804613297150611
1 0.5811764705882353 0.5020352781546812 0.00784313725490196 0.018995929443690638
1 0.7035294117647058 0.46743554952510175 0.010980392156862745 0.04206241519674356
1 0.6423529411764706 0.35956580732700133 0.03294117647058824 0.051560379918588875