1 0.6517647058823529 0.966078697421981 0.27450980392156865 0.06784260515603799
1 0.3623529411764706 0.9511533242876526 0.3027450980392157 0.09769335142469471
1 0.7070588235294117 0.66078697421981 0.005490196078431373 0.013568521031207599
1 0.5317647058823529 0.669606512890095 0.009411764705882352 0.031207598371777476
1 0.5341176470588235 0.7177747625508819 0.07058823529411765 0.13568521031207598
1 0.35333333333333333 0.6560379918588873 0.011764705882352941 0.017639077340569877
1 0.711764705882353 0.6478968792401628 0.005490196078431373 0.009497964721845319
1 0.5541176470588235 0.6309362279511533 0.021176470588235293 0.021709633649932156
1 0.5415686274509804 0.5739484396200815 0.08549019607843138 0.10583446404341927
1 0.5803921568627451 0.5 0.00784313725490196 0.0203527815468114
1 0.7047058823529412 0.4728629579375848 0.01019607843137255 0.028493894165535955
1 0.6525490196078432 0.37449118046132973 0.034509803921568626 0.07055630936227951