1 0.7709803921568628 0.8805970149253731 0.02196078431372549 0.013568521031207599
1 0.3686274509803922 0.7693351424694709 0.02196078431372549 0.013568521031207599
1 0.6490196078431373 0.7618724559023067 0.021176470588235293 0.014925373134328358
1 0.31137254901960787 0.737449118046133 0.025098039215686273 0.04206241519674356
1 0.5023529411764706 0.771370420624152 0.06196078431372549 0.11804613297150611
1 0.7145098039215686 0.683853459972863 0.018823529411764704 0.04341926729986431
1 0.4015686274509804 0.6078697421981004 0.017254901960784313 0.032564450474898234
1 0.5023529411764706 0.6424694708276798 0.08862745098039215 0.12075983717774763
1 0.2635294117647059 0.5515603799185889 0.009411764705882352 0.06377204884667571
1 0.7349019607843137 0.5291723202170964 0.010980392156862745 0.054274084124830396
1 0.720392156862745 0.42401628222523746 0.01019607843137255 0.0203527815468114