1 0.6517647058823529 0.966078697421981 0.27450980392156865 0.06784260515603799
1 0.3603921568627451 0.9511533242876526 0.2988235294117647 0.09769335142469471
1 0.7062745098039216 0.6635006784260515 0.005490196078431373 0.016282225237449117
1 0.5301960784313725 0.6648575305291723 0.006274509803921568 0.018995929443690638
1 0.5341176470588235 0.7184531886024423 0.06901960784313725 0.13704206241519673
1 0.35411764705882354 0.6560379918588873 0.008627450980392156 0.012211668928086838
1 0.49529411764705883 0.6424694708276798 0.007058823529411765 0.009497964721845319
1 0.503921568627451 0.6329715061058344 0.007058823529411765 0.009497964721845319
1 0.7145098039215686 0.6397557666214383 0.009411764705882352 0.028493894165535955
1 0.5411764705882353 0.562415196743555 0.08313725490196078 0.08548168249660787
1 0.58 0.4993215739484396 0.007058823529411765 0.018995929443690638
1 0.7047058823529412 0.47421981004070557 0.008627450980392156 0.023066485753052916
1 0.6560784313725491 0.3812754409769335 0.03686274509803922 0.07869742198100407