1 0.7752941176470588 0.8778833107191316 0.013333333333333334 0.008141112618724558
1 0.37137254901960787 0.7700135685210312 0.022745098039215685 0.014925373134328358
1 0.6466666666666666 0.7639077340569878 0.022745098039215685 0.016282225237449117
1 0.31333333333333335 0.7421981004070556 0.02588235294117647 0.0407055630936228
1 0.503921568627451 0.7727272727272727 0.05568627450980392 0.11804613297150611
1 0.712156862745098 0.689280868385346 0.018823529411764704 0.04341926729986431
1 0.4019607843137255 0.6099050203527816 0.014901960784313726 0.025780189959294438
1 0.5035294117647059 0.6255088195386703 0.08627450980392157 0.09497964721845319
1 0.2635294117647059 0.5603799185888738 0.009411764705882352 0.06241519674355495
1 0.7352941176470589 0.5366350067842606 0.01019607843137255 0.052917232021709636
1 0.720392156862745 0.4253731343283582 0.014901960784313726 0.031207598371777476
1 0.3137254901960784 0.3473541383989145 0.00784313725490196 0.013568521031207599