1 0.23529411764705882 0.9172320217096337 0.04862745098039216 0.029850746268656716
1 0.5329411764705883 0.6736770691994572 0.011764705882352941 0.04206241519674356
1 0.5349019607843137 0.7150610583446404 0.07529411764705882 0.13568521031207598
1 0.35137254901960785 0.6567164179104478 0.017254901960784313 0.021709633649932156
1 0.7090196078431372 0.6492537313432836 0.004705882352941176 0.014925373134328358
1 0.5643137254901961 0.5576662143826323 0.03529411764705882 0.051560379918588875
1 0.5345098039215687 0.5854816824966079 0.1011764705882353 0.12075983717774763
1 0.5690196078431372 0.5169606512890095 0.01019607843137255 0.008141112618724558
1 0.5819607843137254 0.5013568521031208 0.00784313725490196 0.017639077340569877
1 0.7031372549019608 0.46472184531886024 0.011764705882352941 0.050203527815468114
1 0.6352941176470588 0.3412483039348711 0.023529411764705882 0.017639077340569877