1 0.7372549019607844 0.8989145183175034 0.04392156862745098 0.023066485753052916
1 0.7709803921568628 0.8805970149253731 0.02196078431372549 0.013568521031207599
1 0.47058823529411764 0.9131614654002713 0.48784313725490197 0.08683853459972862
1 0.36627450980392157 0.7666214382632293 0.02196078431372549 0.013568521031207599
1 0.6513725490196078 0.7598371777476255 0.021176470588235293 0.016282225237449117
1 0.30901960784313726 0.7327001356852103 0.025098039215686273 0.04341926729986431
1 0.7164705882352941 0.6784260515603799 0.01803921568627451 0.04341926729986431
1 0.4011764705882353 0.60719131614654 0.01647058823529412 0.031207598371777476
1 0.5027450980392156 0.7062415196743554 0.08941176470588236 0.24559023066485752
1 0.2635294117647059 0.5427408412483039 0.009411764705882352 0.06512890094979647
1 0.7345098039215686 0.5223880597014925 0.011764705882352941 0.054274084124830396