1 0.716078431372549 0.9090909090909091 0.017254901960784313 0.008141112618724558
1 0.7423529411764705 0.8962008141112618 0.03372549019607843 0.017639077340569877
1 0.46627450980392154 0.9131614654002713 0.4807843137254902 0.08683853459972862
1 0.37411764705882355 0.771370420624152 0.023529411764705882 0.014925373134328358
1 0.644313725490196 0.7659430122116689 0.022745098039215685 0.014925373134328358
1 0.503921568627451 0.7815468113975577 0.04470588235294118 0.10312075983717775
1 0.3156862745098039 0.7476255088195387 0.02588235294117647 0.0407055630936228
1 0.4815686274509804 0.723202170963365 0.006274509803921568 0.008141112618724558
1 0.7098039215686275 0.694708276797829 0.0203921568627451 0.04341926729986431
1 0.4980392156862745 0.6797829036635007 0.07686274509803921 0.054274084124830396
1 0.4003921568627451 0.6119402985074627 0.007058823529411765 0.013568521031207599
1 0.5058823529411764 0.6044776119402985 0.0815686274509804 0.05563093622795115
1 0.2635294117647059 0.5671641791044776 0.009411764705882352 0.05970149253731343
1 0.736078431372549 0.5434192672998643 0.01019607843137255 0.052917232021709636
1 0.720392156862745 0.42672998643147897 0.0196078431372549 0.03934871099050204
1 0.31607843137254904 0.3419267299864315 0.006274509803921568 0.010854816824966078