1 0.7823529411764706 0.8459972862957937 0.013333333333333334 0.009497964721845319
1 0.5 0.7211668928086838 0.06823529411764706 0.13432835820895522
1 0.6584313725490196 0.6594301221166893 0.005490196078431373 0.016282225237449117
1 0.6372549019607843 0.6689280868385346 0.03372549019607843 0.037991858887381276
1 0.4752941176470588 0.6329715061058344 0.03764705882352941 0.04477611940298507
1 0.4972549019607843 0.6180461329715061 0.01568627450980392 0.025780189959294438
1 0.3949019607843137 0.6132971506105834 0.043137254901960784 0.054274084124830396
1 0.4627450980392157 0.5827679782903663 0.004705882352941176 0.012211668928086838
1 0.483921568627451 0.5597014925373134 0.03607843137254902 0.031207598371777476
1 0.5176470588235295 0.5861601085481682 0.03607843137254902 0.1248303934871099
1 0.48705882352941177 0.519674355495251 0.00784313725490196 0.008141112618724558
1 0.5858823529411765 0.49118046132971505 0.01411764705882353 0.027137042062415198
1 0.476078431372549 0.4762550881953867 0.004705882352941176 0.008141112618724558