1 0.7235294117647059 0.9776119402985075 0.13098039215686275 0.04477611940298507
1 0.3247058823529412 0.9497964721845319 0.22745098039215686 0.10040705563093623
1 0.6321568627450981 0.8263229308005428 0.03607843137254902 0.024423337856173677
1 0.3607843137254902 0.8039348710990502 0.03607843137254902 0.028493894165535955
1 0.5474509803921569 0.7645861601085482 0.025098039215686273 0.04477611940298507
1 0.7113725490196079 0.76797829036635 0.04392156862745098 0.06784260515603799
1 0.44588235294117645 0.7578018995929444 0.02588235294117647 0.04748982360922659
1 0.2776470588235294 0.7014925373134329 0.01568627450980392 0.0407055630936228
1 0.26313725490196077 0.6723202170963365 0.014901960784313726 0.06377204884667571
1 0.4949019607843137 0.7360922659430122 0.07372549019607844 0.21845318860244234
1 0.7592156862745097 0.5990502035278155 0.00784313725490196 0.06648575305291723
1 0.7650980392156863 0.5990502035278155 0.007058823529411765 0.07191316146540028
1 0.2607843137254902 0.510854816824966 0.011764705882352941 0.052917232021709636
1 0.2549019607843137 0.5061058344640434 0.00784313725490196 0.054274084124830396
1 0.7564705882352941 0.46132971506105835 0.01019607843137255 0.04341926729986431
1 0.7592156862745097 0.45115332428765265 0.018823529411764704 0.06648575305291723
1 0.2992156862745098 0.4151967435549525 0.01019607843137255 0.024423337856173677
1 0.29254901960784313 0.3989145183175034 0.006274509803921568 0.018995929443690638
1 0.3611764705882353 0.3018995929443691 0.008627450980392156 0.009497964721845319