1 0.7235294117647059 0.9776119402985075 0.13098039215686275 0.04477611940298507
1 0.3247058823529412 0.9497964721845319 0.22745098039215686 0.10040705563093623
1 0.6274509803921569 0.8290366350067843 0.03607843137254902 0.024423337856173677
1 0.36549019607843136 0.8073270013568521 0.034509803921568626 0.027137042062415198
1 0.7070588235294117 0.7747625508819539 0.04627450980392157 0.06784260515603799
1 0.5419607843137255 0.757123473541384 0.02823529411764706 0.051560379918588875
1 0.27176470588235296 0.6899592944369064 0.03215686274509804 0.07462686567164178
1 0.4835294117647059 0.723202170963365 0.09176470588235294 0.18724559023066487
1 0.7580392156862745 0.6105834464043419 0.008627450980392156 0.06784260515603799
1 0.764313725490196 0.6092265943012212 0.007058823529411765 0.07327001356852103
1 0.2596078431372549 0.519674355495251 0.009411764705882352 0.054274084124830396
1 0.2541176470588235 0.5135685210312076 0.00784313725490196 0.06105834464043419
1 0.7576470588235295 0.46472184531886024 0.010980392156862745 0.052917232021709636
1 0.7650980392156863 0.466078697421981 0.008627450980392156 0.05834464043419267
1 0.29333333333333333 0.42740841248303935 0.00784313725490196 0.013568521031207599
1 0.7572549019607843 0.4226594301221167 0.005490196078431373 0.009497964721845319
1 0.29294117647058826 0.39620081411126185 0.007058823529411765 0.018995929443690638
1 0.36196078431372547 0.3012211668928087 0.005490196078431373 0.008141112618724558