1 0.7337254901960785 0.9721845318860244 0.008627450980392156 0.014925373134328358
1 0.7447058823529412 0.9559023066485753 0.007058823529411765 0.012211668928086838
1 0.7831372549019607 0.8934871099050203 0.011764705882352941 0.0203527815468114
1 0.26862745098039215 0.864314789687924 0.029019607843137254 0.016282225237449117
1 0.5270588235294118 0.8921302578018996 0.48627450980392156 0.08005427408412483
1 0.2372549019607843 0.8453188602442334 0.011764705882352941 0.008141112618724558
1 0.5066666666666667 0.7503392130257802 0.0203921568627451 0.051560379918588875
1 0.41333333333333333 0.6255088195386703 0.01568627450980392 0.013568521031207599
1 0.503921568627451 0.5915875169606513 0.01647058823529412 0.024423337856173677
1 0.49019607843137253 0.5746268656716418 0.004705882352941176 0.009497964721845319
1 0.5031372549019608 0.6329715061058344 0.07450980392156863 0.1723202170963365