1 0.7341176470588235 0.9715061058344641 0.009411764705882352 0.016282225237449117
1 0.744313725490196 0.9552238805970149 0.00784313725490196 0.013568521031207599
1 0.7823529411764706 0.8948439620081411 0.008627450980392156 0.014925373134328358
1 0.2768627450980392 0.8683853459972863 0.04862745098039216 0.027137042062415198
1 0.5360784313725491 0.8921302578018996 0.4682352941176471 0.08005427408412483
1 0.2372549019607843 0.8453188602442334 0.011764705882352941 0.008141112618724558
1 0.5062745098039215 0.7503392130257802 0.021176470588235293 0.04613297150610583
1 0.41333333333333333 0.6248303934871099 0.01411764705882353 0.012211668928086838
1 0.49019607843137253 0.5861601085481682 0.004705882352941176 0.008141112618724558
1 0.5070588235294118 0.5841248303934871 0.02431372549019608 0.03934871099050204
1 0.5105882352941177 0.6336499321573948 0.09098039215686274 0.17367706919945725