1 0.6431372549019608 0.9789687924016283 0.06745098039215686 0.04206241519674356
1 0.3862745098039216 0.9755766621438263 0.08078431372549019 0.048846675712347354
1 0.47411764705882353 0.8541383989145184 0.22196078431372548 0.033921302578018994
1 0.6529411764705882 0.8405698778833107 0.13411764705882354 0.04748982360922659
1 0.336078431372549 0.824966078697422 0.03215686274509804 0.016282225237449117
1 0.5141176470588236 0.7584803256445047 0.008627450980392156 0.010854816824966078
1 0.4027450980392157 0.7367706919945726 0.022745098039215685 0.027137042062415198
1 0.4576470588235294 0.7299864314789688 0.014901960784313726 0.018995929443690638
1 0.6298039215686274 0.7306648575305291 0.02196078431372549 0.023066485753052916
1 0.5749019607843138 0.7272727272727273 0.01411764705882353 0.018995929443690638
1 0.4364705882352941 0.6546811397557666 0.014901960784313726 0.0203527815468114
1 0.44588235294117645 0.6377204884667571 0.008627450980392156 0.016282225237449117
1 0.6788235294117647 0.6451831750339213 0.01647058823529412 0.052917232021709636
1 0.5109803921568628 0.6723202170963365 0.06352941176470588 0.12347354138398914
1 0.3447058823529412 0.6329715061058344 0.014901960784313726 0.050203527815468114
1 0.6929411764705883 0.5101763907734057 0.008627450980392156 0.04341926729986431
1 0.3352941176470588 0.49525101763907736 0.011764705882352941 0.048846675712347354
1 0.6745098039215687 0.4056987788331072 0.012549019607843137 0.029850746268656716
1 0.6788235294117647 0.3941655359565807 0.007058823529411765 0.0203527815468114