1 0.6435294117647059 0.9782903663500678 0.06823529411764706 0.04341926729986431
1 0.3862745098039216 0.9762550881953868 0.0792156862745098 0.04748982360922659
1 0.5737254901960784 0.850067842605156 0.24235294117647058 0.04206241519674356
1 0.3870588235294118 0.844640434192673 0.08862745098039215 0.031207598371777476
1 0.7047058823529412 0.8242876526458616 0.01803921568627451 0.009497964721845319
1 0.32941176470588235 0.8222523744911805 0.025098039215686273 0.013568521031207599
1 0.5109803921568628 0.7401628222523745 0.014901960784313726 0.04748982360922659
1 0.4250980392156863 0.7184531886024423 0.018823529411764704 0.012211668928086838
1 0.6 0.7170963364993216 0.018823529411764704 0.012211668928086838
1 0.6560784313725491 0.675033921302578 0.0196078431372549 0.036635006784260515
1 0.37137254901960787 0.675033921302578 0.01803921568627451 0.03934871099050204
1 0.4435294117647059 0.6275440976933514 0.007058823529411765 0.012211668928086838
1 0.5094117647058823 0.6614654002713705 0.06196078431372549 0.13161465400271372
1 0.6890196078431372 0.5468113975576662 0.007058823529411765 0.048846675712347354
1 0.33647058823529413 0.5291723202170964 0.009411764705882352 0.054274084124830396
1 0.6788235294117647 0.44301221166892807 0.005490196078431373 0.009497964721845319