1 0.6435294117647059 0.9789687924016283 0.06666666666666667 0.04206241519674356
1 0.3854901960784314 0.9762550881953868 0.0792156862745098 0.04748982360922659
1 0.43411764705882355 0.8602442333785617 0.03686274509803922 0.008141112618724558
1 0.4003921568627451 0.8514246947082768 0.029019607843137254 0.009497964721845319
1 0.37450980392156863 0.8426051560379919 0.021176470588235293 0.008141112618724558
1 0.5741176470588235 0.850067842605156 0.2415686274509804 0.04206241519674356
1 0.3211764705882353 0.8175033921302578 0.04156862745098039 0.023066485753052916
1 0.6082352941176471 0.7089552238805971 0.01803921568627451 0.009497964721845319
1 0.41490196078431374 0.7082767978290366 0.018823529411764704 0.013568521031207599
1 0.663921568627451 0.6512890094979648 0.01647058823529412 0.035278154681139755
1 0.3623529411764706 0.6519674355495251 0.01568627450980392 0.04206241519674356
1 0.4407843137254902 0.6166892808683854 0.018823529411764704 0.0203527815468114
1 0.5105882352941177 0.6533242876526458 0.09411764705882353 0.13161465400271372
1 0.6862745098039216 0.514246947082768 0.009411764705882352 0.054274084124830396