1 0.643921568627451 0.9782903663500678 0.06901960784313725 0.04341926729986431
1 0.38666666666666666 0.9762550881953868 0.08 0.04748982360922659
1 0.5235294117647059 0.8480325644504749 0.36 0.04613297150610583
1 0.3149019607843137 0.8141112618724559 0.0196078431372549 0.010854816824966078
1 0.4470588235294118 0.7293080054274084 0.017254901960784313 0.017639077340569877
1 0.5839215686274509 0.7265943012211669 0.01647058823529412 0.014925373134328358
1 0.3905882352941176 0.7170963364993216 0.02196078431372549 0.033921302578018994
1 0.64 0.7137042062415196 0.02196078431372549 0.029850746268656716
1 0.4345098039215686 0.6424694708276798 0.00784313725490196 0.023066485753052916
1 0.5168627450980392 0.6729986431478969 0.0784313725490196 0.14382632293080055
1 0.6850980392156862 0.6132971506105834 0.013333333333333334 0.051560379918588875
1 0.3380392156862745 0.5990502035278155 0.009411764705882352 0.04748982360922659
1 0.3415686274509804 0.4830393487109905 0.008627450980392156 0.016282225237449117
1 0.6898039215686275 0.4796472184531886 0.01019607843137255 0.04477611940298507
1 0.3396078431372549 0.46675712347354137 0.00784313725490196 0.032564450474898234