1 0.643921568627451 0.9789687924016283 0.06588235294117648 0.04206241519674356
1 0.38588235294117645 0.9762550881953868 0.08 0.04748982360922659
1 0.4243137254901961 0.8575305291723202 0.05333333333333334 0.013568521031207599
1 0.38 0.844640434192673 0.03372549019607843 0.012211668928086838
1 0.5776470588235294 0.8480325644504749 0.25176470588235295 0.04613297150610583
1 0.7627450980392156 0.824966078697422 0.005490196078431373 0.008141112618724558
1 0.7811764705882352 0.7774762550881954 0.01568627450980392 0.010854816824966078
1 0.6231372549019608 0.683853459972863 0.013333333333333334 0.016282225237449117
1 0.39372549019607844 0.6777476255088195 0.01411764705882353 0.014925373134328358
1 0.6705882352941176 0.6099050203527816 0.006274509803921568 0.0203527815468114
1 0.3517647058823529 0.5997286295793759 0.011764705882352941 0.027137042062415198
1 0.676078431372549 0.5902306648575305 0.006274509803921568 0.016282225237449117
1 0.45450980392156864 0.5861601085481682 0.005490196078431373 0.013568521031207599
1 0.5050980392156863 0.666214382632293 0.06274509803921569 0.17639077340569878