1 0.644313725490196 0.9782903663500678 0.06666666666666667 0.04341926729986431
1 0.3854901960784314 0.9762550881953868 0.0792156862745098 0.04748982360922659
1 0.5243137254901961 0.8493894165535957 0.3458823529411765 0.04341926729986431
1 0.33725490196078434 0.8263229308005428 0.02666666666666667 0.013568521031207599
1 0.31176470588235294 0.8127544097693351 0.022745098039215685 0.013568521031207599
1 0.6152941176470588 0.7001356852103121 0.01647058823529412 0.010854816824966078
1 0.4054901960784314 0.6940298507462687 0.017254901960784313 0.014925373134328358
1 0.5086274509803922 0.7096336499321574 0.04156862745098039 0.07869742198100407
1 0.5694117647058824 0.6322930800542741 0.01568627450980392 0.032564450474898234
1 0.6698039215686274 0.6309362279511533 0.01411764705882353 0.0407055630936228
1 0.3572549019607843 0.6302578018995929 0.014901960784313726 0.04477611940298507
1 0.4505882352941176 0.6010854816824966 0.005490196078431373 0.013568521031207599
1 0.5054901960784314 0.6282225237449118 0.06352941176470588 0.07055630936227951
1 0.6827450980392157 0.505427408412483 0.005490196078431373 0.009497964721845319