1 0.644313725490196 0.9789687924016283 0.06666666666666667 0.04206241519674356
1 0.3862745098039216 0.9755766621438263 0.08078431372549019 0.048846675712347354
1 0.5196078431372549 0.8521031207598372 0.3333333333333333 0.037991858887381276
1 0.7031372549019608 0.824966078697422 0.03215686274509804 0.016282225237449117
1 0.40941176470588236 0.7449118046132972 0.02196078431372549 0.024423337856173677
1 0.623921568627451 0.7381275440976933 0.022745098039215685 0.021709633649932156
1 0.5701960784313725 0.7252374491180461 0.01411764705882353 0.017639077340569877
1 0.4623529411764706 0.7272727272727273 0.014901960784313726 0.021709633649932156
1 0.4380392156862745 0.6424694708276798 0.01019607843137255 0.012211668928086838
1 0.6749019607843137 0.6614654002713705 0.01803921568627451 0.052917232021709636
1 0.34901960784313724 0.649932157394844 0.017254901960784313 0.054274084124830396
1 0.5137254901960784 0.6919945725915875 0.054901960784313725 0.15739484396200815
1 0.6945098039215686 0.5264586160108549 0.008627450980392156 0.04341926729986431
1 0.33294117647058824 0.5115332428765265 0.01019607843137255 0.04613297150610583
1 0.3537254901960784 0.42672998643147897 0.006274509803921568 0.014925373134328358
1 0.6784313725490196 0.4097693351424695 0.0203921568627451 0.048846675712347354