1 0.6435294117647059 0.9789687924016283 0.06666666666666667 0.04206241519674356
1 0.3862745098039216 0.9762550881953868 0.0792156862745098 0.04748982360922659
1 0.4074509803921569 0.8507462686567164 0.08862745098039215 0.027137042062415198
1 0.5741176470588235 0.850067842605156 0.2415686274509804 0.04206241519674356
1 0.3380392156862745 0.8263229308005428 0.02666666666666667 0.013568521031207599
1 0.43098039215686273 0.7218453188602443 0.0196078431372549 0.013568521031207599
1 0.5952941176470589 0.7204884667571235 0.018823529411764704 0.013568521031207599
1 0.652156862745098 0.6858887381275441 0.0196078431372549 0.033921302578018994
1 0.37607843137254904 0.6865671641791045 0.0196078431372549 0.037991858887381276
1 0.4411764705882353 0.6329715061058344 0.007058823529411765 0.012211668928086838
1 0.5086274509803922 0.6797829036635007 0.058823529411764705 0.16824966078697423
1 0.6890196078431372 0.5637720488466758 0.008627450980392156 0.04477611940298507
1 0.3349019607843137 0.5508819538670285 0.00784313725490196 0.051560379918588875
1 0.6784313725490196 0.4443690637720488 0.012549019607843137 0.028493894165535955