1 0.644313725490196 0.9782903663500678 0.06823529411764706 0.04341926729986431
1 0.38666666666666666 0.9762550881953868 0.08 0.04748982360922659
1 0.483921568627451 0.8541383989145184 0.24313725490196078 0.033921302578018994
1 0.6549019607843137 0.8426051560379919 0.09725490196078432 0.035278154681139755
1 0.3168627450980392 0.8154681139755766 0.01411764705882353 0.008141112618724558
1 0.44784313725490194 0.7299864314789688 0.017254901960784313 0.018995929443690638
1 0.5827450980392157 0.7272727272727273 0.01568627450980392 0.016282225237449117
1 0.39176470588235296 0.7191316146540027 0.022745098039215685 0.032564450474898234
1 0.6388235294117647 0.7150610583446404 0.022745098039215685 0.029850746268656716
1 0.4337254901960784 0.6438263229308006 0.00784313725490196 0.023066485753052916
1 0.5172549019607843 0.6709633649932157 0.07764705882352942 0.13975576662143827
1 0.6843137254901961 0.6160108548168249 0.013333333333333334 0.051560379918588875
1 0.3384313725490196 0.6024423337856174 0.008627450980392156 0.04613297150610583
1 0.6901960784313725 0.48236092265943015 0.010980392156862745 0.04477611940298507
1 0.3423529411764706 0.46743554952510175 0.01647058823529412 0.036635006784260515