1 0.6435294117647059 0.9789687924016283 0.06666666666666667 0.04206241519674356
1 0.38666666666666666 0.9762550881953868 0.08 0.04748982360922659
1 0.6403921568627451 0.8466757123473542 0.10901960784313726 0.035278154681139755
1 0.3980392156862745 0.8466757123473542 0.10901960784313726 0.035278154681139755
1 0.33372549019607844 0.8242876526458616 0.01803921568627451 0.009497964721845319
1 0.43333333333333335 0.723202170963365 0.0196078431372549 0.013568521031207599
1 0.5941176470588235 0.7218453188602443 0.01803921568627451 0.013568521031207599
1 0.5113725490196078 0.7211668928086838 0.047058823529411764 0.08548168249660787
1 0.6501960784313725 0.6899592944369064 0.0203921568627451 0.033921302578018994
1 0.3780392156862745 0.6919945725915875 0.0203921568627451 0.037991858887381276
1 0.44 0.6343283582089553 0.006274509803921568 0.012211668928086838
1 0.508235294117647 0.6363636363636364 0.0596078431372549 0.0814111261872456
1 0.6886274509803921 0.5705563093622795 0.009411764705882352 0.04206241519674356
1 0.3349019607843137 0.5569877883310719 0.00784313725490196 0.050203527815468114
1 0.6796078431372549 0.4470827679782904 0.014901960784313726 0.036635006784260515