1 0.6435294117647059 0.9789687924016283 0.06666666666666667 0.04206241519674356
1 0.38666666666666666 0.9762550881953868 0.08 0.04748982360922659
1 0.40705882352941175 0.8507462686567164 0.08941176470588236 0.027137042062415198
1 0.5784313725490197 0.8480325644504749 0.25019607843137254 0.04613297150610583
1 0.3333333333333333 0.8242876526458616 0.017254901960784313 0.009497964721845319
1 0.42980392156862746 0.7218453188602443 0.018823529411764704 0.013568521031207599
1 0.596078431372549 0.7198100407055631 0.018823529411764704 0.012211668928086838
1 0.6529411764705882 0.683853459972863 0.0196078431372549 0.035278154681139755
1 0.37529411764705883 0.6852103120759837 0.0196078431372549 0.037991858887381276
1 0.4415686274509804 0.6316146540027137 0.006274509803921568 0.012211668928086838
1 0.5094117647058823 0.6797829036635007 0.0603921568627451 0.16824966078697423
1 0.6890196078431372 0.5610583446404342 0.008627450980392156 0.04477611940298507
1 0.3352941176470588 0.5474898236092266 0.008627450980392156 0.052917232021709636
1 0.6784313725490196 0.44369063772048845 0.012549019607843137 0.024423337856173677