1 0.6431372549019608 0.9789687924016283 0.06745098039215686 0.04206241519674356
1 0.3862745098039216 0.9755766621438263 0.08078431372549019 0.048846675712347354
1 0.39725490196078433 0.8487109905020352 0.06980392156862746 0.023066485753052916
1 0.5764705882352941 0.8439620081411127 0.28705882352941176 0.054274084124830396
1 0.33137254901960783 0.8229308005427408 0.022745098039215685 0.012211668928086838
1 0.456078431372549 0.7299864314789688 0.014901960784313726 0.018995929443690638
1 0.4011764705882353 0.7347354138398915 0.022745098039215685 0.028493894165535955
1 0.576078431372549 0.7279511533242876 0.014901960784313726 0.017639077340569877
1 0.6309803921568627 0.7293080054274084 0.022745098039215685 0.025780189959294438
1 0.4380392156862745 0.655359565807327 0.01803921568627451 0.021709633649932156
1 0.44745098039215686 0.6404341926729986 0.007058823529411765 0.018995929443690638
1 0.6792156862745098 0.6424694708276798 0.01568627450980392 0.052917232021709636
1 0.5101960784313726 0.6702849389416553 0.06823529411764706 0.12211668928086838
1 0.343921568627451 0.6302578018995929 0.014901960784313726 0.050203527815468114
1 0.6929411764705883 0.5074626865671642 0.008627450980392156 0.04341926729986431
1 0.336078431372549 0.4918588873812754 0.013333333333333334 0.050203527815468114
1 0.6745098039215687 0.4050203527815468 0.010980392156862745 0.025780189959294438
1 0.6788235294117647 0.3921302578018996 0.005490196078431373 0.013568521031207599
1 0.3772549019607843 0.35956580732700133 0.004705882352941176 0.008141112618724558