1 0.6431372549019608 0.9789687924016283 0.06745098039215686 0.04206241519674356
1 0.38666666666666666 0.9762550881953868 0.08 0.04748982360922659
1 0.3333333333333333 0.8236092265943012 0.01568627450980392 0.008141112618724558
1 0.532156862745098 0.8439620081411127 0.3756862745098039 0.054274084124830396
1 0.45529411764705885 0.7299864314789688 0.014901960784313726 0.018995929443690638
1 0.5768627450980393 0.7279511533242876 0.014901960784313726 0.017639077340569877
1 0.4 0.7327001356852103 0.023529411764705882 0.029850746268656716
1 0.6321568627450981 0.7272727272727273 0.02196078431372549 0.024423337856173677
1 0.4403921568627451 0.6492537313432836 0.022745098039215685 0.033921302578018994
1 0.6803921568627451 0.6390773405698779 0.01647058823529412 0.051560379918588875
1 0.5101960784313726 0.6689280868385346 0.07137254901960784 0.11940298507462686
1 0.34352941176470586 0.6275440976933514 0.01411764705882353 0.050203527815468114
1 0.6929411764705883 0.5047489823609227 0.008627450980392156 0.04341926729986431
1 0.33725490196078434 0.4891451831750339 0.01411764705882353 0.050203527815468114
1 0.6741176470588235 0.4043419267299864 0.01019607843137255 0.021709633649932156
1 0.6788235294117647 0.3914518317503392 0.005490196078431373 0.012211668928086838