1 0.643921568627451 0.9782903663500678 0.06745098039215686 0.04341926729986431
1 0.3862745098039216 0.9755766621438263 0.08078431372549019 0.048846675712347354
1 0.36392156862745095 0.8378561736770692 0.02196078431372549 0.009497964721845319
1 0.5352941176470588 0.850067842605156 0.3192156862745098 0.04206241519674356
1 0.3384313725490196 0.8263229308005428 0.027450980392156862 0.013568521031207599
1 0.7074509803921568 0.8229308005427408 0.023529411764705882 0.012211668928086838
1 0.4066666666666667 0.7415196743554953 0.022745098039215685 0.025780189959294438
1 0.6262745098039215 0.7360922659430122 0.022745098039215685 0.023066485753052916
1 0.46078431372549017 0.728629579375848 0.014901960784313726 0.018995929443690638
1 0.571764705882353 0.7259158751696065 0.01411764705882353 0.018995929443690638
1 0.4388235294117647 0.6417910447761194 0.01647058823529412 0.024423337856173677
1 0.676078431372549 0.6546811397557666 0.017254901960784313 0.052917232021709636
1 0.34705882352941175 0.6424694708276798 0.01647058823529412 0.052917232021709636
1 0.5129411764705882 0.6913161465400272 0.05647058823529412 0.1560379918588874
1 0.6941176470588235 0.519674355495251 0.009411764705882352 0.04341926729986431
1 0.3341176470588235 0.5047489823609227 0.010980392156862745 0.048846675712347354
1 0.35215686274509805 0.42672998643147897 0.006274509803921568 0.012211668928086838
1 0.6776470588235294 0.40705563093622793 0.018823529411764704 0.04613297150610583