1 0.643921568627451 0.9782903663500678 0.06745098039215686 0.04341926729986431
1 0.38666666666666666 0.9762550881953868 0.08 0.04748982360922659
1 0.33372549019607844 0.8242876526458616 0.01803921568627451 0.009497964721845319
1 0.5325490196078432 0.8432835820895522 0.3764705882352941 0.05563093622795115
1 0.4541176470588235 0.7306648575305291 0.01568627450980392 0.0203527815468114
1 0.5780392156862745 0.7279511533242876 0.01411764705882353 0.017639077340569877
1 0.3988235294117647 0.7306648575305291 0.022745098039215685 0.031207598371777476
1 0.6329411764705882 0.7259158751696065 0.02196078431372549 0.024423337856173677
1 0.44 0.6506105834464043 0.02196078431372549 0.031207598371777476
1 0.6807843137254902 0.6363636363636364 0.01568627450980392 0.051560379918588875
1 0.5105882352941177 0.6675712347354138 0.07372549019607844 0.11940298507462686
1 0.3423529411764706 0.6234735413839891 0.013333333333333334 0.050203527815468114
1 0.692156862745098 0.5013568521031208 0.008627450980392156 0.04206241519674356
1 0.3376470588235294 0.48507462686567165 0.014901960784313726 0.052917232021709636
1 0.6733333333333333 0.40298507462686567 0.008627450980392156 0.018995929443690638
1 0.6784313725490196 0.3914518317503392 0.004705882352941176 0.009497964721845319