1 0.644313725490196 0.9782903663500678 0.06666666666666667 0.04341926729986431
1 0.38588235294117645 0.9762550881953868 0.08 0.04748982360922659
1 0.5776470588235294 0.8480325644504749 0.25176470588235295 0.04613297150610583
1 0.39254901960784316 0.844640434192673 0.11686274509803922 0.03934871099050204
1 0.3129411764705882 0.8134328358208955 0.02196078431372549 0.012211668928086838
1 0.616078431372549 0.6987788331071914 0.01647058823529412 0.010854816824966078
1 0.4047058823529412 0.6919945725915875 0.017254901960784313 0.016282225237449117
1 0.5078431372549019 0.7130257801899593 0.04 0.08005427408412483
1 0.5694117647058824 0.6329715061058344 0.01568627450980392 0.031207598371777476
1 0.6701960784313725 0.6275440976933514 0.013333333333333334 0.03934871099050204
1 0.3568627450980392 0.6275440976933514 0.01411764705882353 0.04477611940298507
1 0.5066666666666667 0.6289009497964722 0.06274509803921569 0.06648575305291723
1 0.4505882352941176 0.5997286295793759 0.005490196078431373 0.013568521031207599
1 0.6827450980392157 0.5033921302578019 0.005490196078431373 0.010854816824966078