1 0.6435294117647059 0.9789687924016283 0.06823529411764706 0.04206241519674356
1 0.3862745098039216 0.9762550881953868 0.0792156862745098 0.04748982360922659
1 0.40862745098039216 0.8534599728629579 0.04549019607843137 0.013568521031207599
1 0.36901960784313725 0.8398914518317503 0.03215686274509804 0.013568521031207599
1 0.5823529411764706 0.8459972862957937 0.2580392156862745 0.050203527815468114
1 0.33019607843137255 0.8222523744911805 0.042352941176470586 0.021709633649932156
1 0.3007843137254902 0.8066485753052918 0.014901960784313726 0.009497964721845319
1 0.5137254901960784 0.7469470827679783 0.006274509803921568 0.012211668928086838
1 0.6050980392156863 0.7130257801899593 0.01803921568627451 0.012211668928086838
1 0.4192156862745098 0.7130257801899593 0.01803921568627451 0.012211668928086838
1 0.6607843137254902 0.6621438263229308 0.01647058823529412 0.035278154681139755
1 0.36627450980392157 0.6628222523744912 0.017254901960784313 0.04206241519674356
1 0.4411764705882353 0.6180461329715061 0.014901960784313726 0.017639077340569877
1 0.5090196078431373 0.6519674355495251 0.09098039215686274 0.12075983717774763
1 0.33725490196078434 0.5284938941655359 0.009411764705882352 0.0203527815468114
1 0.687843137254902 0.5305291723202171 0.00784313725490196 0.048846675712347354
1 0.6670588235294118 0.38670284938941657 0.007058823529411765 0.013568521031207599