1 0.6435294117647059 0.9789687924016283 0.06666666666666667 0.04206241519674356
1 0.3870588235294118 0.9762550881953868 0.08078431372549019 0.04748982360922659
1 0.6403921568627451 0.8466757123473542 0.10901960784313726 0.035278154681139755
1 0.46431372549019606 0.850067842605156 0.2415686274509804 0.04206241519674356
1 0.32666666666666666 0.8208955223880597 0.014901960784313726 0.008141112618724558
1 0.4345098039215686 0.7238805970149254 0.0203921568627451 0.014925373134328358
1 0.5929411764705882 0.7218453188602443 0.018823529411764704 0.013568521031207599
1 0.5113725490196078 0.7211668928086838 0.04549019607843137 0.08548168249660787
1 0.6494117647058824 0.6919945725915875 0.0203921568627451 0.032564450474898234
1 0.3788235294117647 0.6940298507462687 0.0203921568627451 0.036635006784260515
1 0.4392156862745098 0.635685210312076 0.006274509803921568 0.014925373134328358
1 0.5074509803921569 0.635685210312076 0.0596078431372549 0.08005427408412483
1 0.6886274509803921 0.5739484396200815 0.009411764705882352 0.04341926729986431
1 0.3349019607843137 0.5597014925373134 0.00784313725490196 0.050203527815468114
1 0.6807843137254902 0.44843962008141114 0.01568627450980392 0.04206241519674356