1 0.643921568627451 0.9789687924016283 0.06588235294117648 0.04206241519674356
1 0.3854901960784314 0.9762550881953868 0.0792156862745098 0.04748982360922659
1 0.5450980392156862 0.8656716417910447 0.1207843137254902 0.010854816824966078
1 0.4192156862745098 0.8554952510176391 0.06666666666666667 0.017639077340569877
1 0.37450980392156863 0.8426051560379919 0.021176470588235293 0.008141112618724558
1 0.6505882352941177 0.844640434192673 0.08862745098039215 0.031207598371777476
1 0.3254901960784314 0.8202170963364993 0.03294117647058824 0.017639077340569877
1 0.3007843137254902 0.8066485753052918 0.014901960784313726 0.009497964721845319
1 0.6094117647058823 0.7075983717774763 0.017254901960784313 0.009497964721845319
1 0.41333333333333333 0.7055630936227951 0.018823529411764704 0.013568521031207599
1 0.6650980392156862 0.6485753052917232 0.01568627450980392 0.037991858887381276
1 0.3615686274509804 0.6492537313432836 0.01568627450980392 0.04206241519674356
1 0.5670588235294117 0.6248303934871099 0.006274509803921568 0.012211668928086838
1 0.4411764705882353 0.6160108548168249 0.01803921568627451 0.021709633649932156
1 0.5149019607843137 0.655359565807327 0.08549019607843138 0.13568521031207598
1 0.6854901960784314 0.5094979647218453 0.009411764705882352 0.052917232021709636