1 0.644313725490196 0.9789687924016283 0.06666666666666667 0.04206241519674356
1 0.3862745098039216 0.9755766621438263 0.0792156862745098 0.048846675712347354
1 0.5309803921568628 0.8521031207598372 0.31058823529411766 0.037991858887381276
1 0.36392156862745095 0.8378561736770692 0.02196078431372549 0.009497964721845319
1 0.3427450980392157 0.8283582089552238 0.018823529411764704 0.009497964721845319
1 0.7074509803921568 0.8229308005427408 0.023529411764705882 0.012211668928086838
1 0.40784313725490196 0.742876526458616 0.02196078431372549 0.025780189959294438
1 0.6254901960784314 0.7367706919945726 0.022745098039215685 0.021709633649932156
1 0.4615686274509804 0.7279511533242876 0.014901960784313726 0.0203527815468114
1 0.5709803921568627 0.7259158751696065 0.01411764705882353 0.018995929443690638
1 0.5074509803921569 0.7225237449118046 0.00784313725490196 0.017639077340569877
1 0.4384313725490196 0.6424694708276798 0.01411764705882353 0.0203527815468114
1 0.6752941176470588 0.6573948439620081 0.017254901960784313 0.052917232021709636
1 0.34823529411764703 0.6458616010854816 0.017254901960784313 0.054274084124830396
1 0.5133333333333333 0.6919945725915875 0.05568627450980392 0.15739484396200815
1 0.6941176470588235 0.5237449118046132 0.009411764705882352 0.04341926729986431
1 0.33372549019607844 0.5081411126187245 0.01019607843137255 0.04748982360922659
1 0.35294117647058826 0.42672998643147897 0.00784313725490196 0.014925373134328358
1 0.6705882352941176 0.3941655359565807 0.004705882352941176 0.012211668928086838
1 0.6803921568627451 0.4077340569877883 0.014901960784313726 0.04748982360922659