1 0.644313725490196 0.9782903663500678 0.06666666666666667 0.04341926729986431
1 0.3854901960784314 0.9762550881953868 0.0792156862745098 0.04748982360922659
1 0.41333333333333333 0.8534599728629579 0.07686274509803921 0.021709633649932156
1 0.5725490196078431 0.8507462686567164 0.24 0.0407055630936228
1 0.31333333333333335 0.8134328358208955 0.03686274509803922 0.0203527815468114
1 0.6109803921568627 0.7062415196743554 0.017254901960784313 0.009497964721845319
1 0.4109803921568628 0.7028493894165536 0.018823529411764704 0.013568521031207599
1 0.6662745098039216 0.6431478968792401 0.014901960784313726 0.037991858887381276
1 0.36 0.6431478968792401 0.01568627450980392 0.04341926729986431
1 0.5670588235294117 0.6255088195386703 0.009411764705882352 0.018995929443690638
1 0.44313725490196076 0.6126187245590231 0.01568627450980392 0.023066485753052916
1 0.5164705882352941 0.6580732700135685 0.08392156862745098 0.14654002713704206
1 0.6843137254901961 0.5040705563093623 0.01019607843137255 0.04206241519674356