1 0.6435294117647059 0.9789687924016283 0.06666666666666667 0.04206241519674356
1 0.3870588235294118 0.9762550881953868 0.08078431372549019 0.04748982360922659
1 0.4082352941176471 0.8514246947082768 0.08705882352941176 0.025780189959294438
1 0.6392156862745098 0.8473541383989145 0.10666666666666667 0.033921302578018994
1 0.34941176470588237 0.8317503392130258 0.029019607843137254 0.013568521031207599
1 0.32666666666666666 0.8208955223880597 0.014901960784313726 0.008141112618724558
1 0.4356862745098039 0.7238805970149254 0.0196078431372549 0.014925373134328358
1 0.5925490196078431 0.7218453188602443 0.01803921568627451 0.013568521031207599
1 0.5117647058823529 0.7225237449118046 0.04470588235294118 0.08276797829036635
1 0.6486274509803922 0.6940298507462687 0.0203921568627451 0.033921302578018994
1 0.38 0.6960651289009498 0.021176470588235293 0.037991858887381276
1 0.4388235294117647 0.6350067842605156 0.007058823529411765 0.016282225237449117
1 0.5070588235294118 0.6343283582089553 0.05725490196078432 0.0773405698778833
1 0.6886274509803921 0.5780189959294437 0.009411764705882352 0.04341926729986431
1 0.3352941176470588 0.5637720488466758 0.008627450980392156 0.050203527815468114
1 0.6819607843137255 0.45047489823609227 0.014901960784313726 0.04613297150610583