1 0.644313725490196 0.9782903663500678 0.06666666666666667 0.04341926729986431
1 0.38588235294117645 0.9762550881953868 0.08 0.04748982360922659
1 0.423921568627451 0.8575305291723202 0.05254901960784314 0.013568521031207599
1 0.3729411764705882 0.8419267299864315 0.022745098039215685 0.009497964721845319
1 0.5788235294117647 0.8473541383989145 0.2541176470588235 0.04748982360922659
1 0.6219607843137255 0.6872455902306649 0.01411764705882353 0.014925373134328358
1 0.3956862745098039 0.6791044776119403 0.014901960784313726 0.014925373134328358
1 0.5074509803921569 0.7082767978290366 0.05333333333333334 0.09497964721845319
1 0.6709803921568628 0.6126187245590231 0.008627450980392156 0.025780189959294438
1 0.6756862745098039 0.5970149253731343 0.007058823529411765 0.016282225237449117
1 0.35254901960784313 0.6024423337856174 0.013333333333333334 0.035278154681139755
1 0.45372549019607844 0.5888738127544098 0.005490196078431373 0.013568521031207599
1 0.5035294117647059 0.6194029850746269 0.0611764705882353 0.08276797829036635