1 0.6435294117647059 0.9789687924016283 0.06666666666666667 0.04206241519674356
1 0.3854901960784314 0.9762550881953868 0.0792156862745098 0.04748982360922659
1 0.41137254901960785 0.8527815468113975 0.08078431372549019 0.023066485753052916
1 0.5741176470588235 0.850067842605156 0.2415686274509804 0.04206241519674356
1 0.3423529411764706 0.8290366350067843 0.01647058823529412 0.008141112618724558
1 0.3211764705882353 0.8181818181818182 0.02431372549019608 0.013568521031207599
1 0.7792156862745098 0.7788331071913162 0.011764705882352941 0.008141112618724558
1 0.6196078431372549 0.6919945725915875 0.01568627450980392 0.013568521031207599
1 0.4027450980392157 0.6852103120759837 0.008627450980392156 0.010854816824966078
1 0.396078431372549 0.6831750339213026 0.010980392156862745 0.014925373134328358
1 0.5070588235294118 0.7109905020352781 0.04941176470588235 0.09226594301221167
1 0.5674509803921569 0.6336499321573948 0.01019607843137255 0.024423337856173677
1 0.672156862745098 0.6153324287652646 0.012549019607843137 0.03934871099050204
1 0.3537254901960784 0.6105834464043419 0.01411764705882353 0.04341926729986431
1 0.45294117647058824 0.592944369063772 0.005490196078431373 0.013568521031207599
1 0.4992156862745098 0.6010854816824966 0.04784313725490196 0.048846675712347354