1 0.644313725490196 0.9782903663500678 0.06823529411764706 0.04341926729986431
1 0.38666666666666666 0.9762550881953868 0.08 0.04748982360922659
1 0.3592156862745098 0.835820895522388 0.03137254901960784 0.013568521031207599
1 0.3305882352941176 0.8229308005427408 0.022745098039215685 0.012211668928086838
1 0.548235294117647 0.8432835820895522 0.34509803921568627 0.05563093622795115
1 0.4533333333333333 0.7306648575305291 0.01568627450980392 0.0203527815468114
1 0.5788235294117647 0.7279511533242876 0.01411764705882353 0.017639077340569877
1 0.3976470588235294 0.728629579375848 0.023529411764705882 0.029850746268656716
1 0.6341176470588236 0.7245590230664858 0.022745098039215685 0.027137042062415198
1 0.4403921568627451 0.6512890094979648 0.022745098039215685 0.027137042062415198
1 0.6815686274509803 0.6329715061058344 0.01568627450980392 0.050203527815468114
1 0.5113725490196078 0.6655359565807327 0.07686274509803921 0.11804613297150611
1 0.3411764705882353 0.6200814111261872 0.012549019607843137 0.048846675712347354
1 0.691764705882353 0.49796472184531887 0.009411764705882352 0.04341926729986431
1 0.3388235294117647 0.4816824966078697 0.01568627450980392 0.054274084124830396
1 0.6741176470588235 0.40298507462686567 0.007058823529411765 0.016282225237449117