1 0.643921568627451 0.9789687924016283 0.06745098039215686 0.04206241519674356
1 0.38588235294117645 0.9762550881953868 0.0784313725490196 0.04748982360922659
1 0.43411764705882355 0.8602442333785617 0.03686274509803922 0.008141112618724558
1 0.5784313725490197 0.8480325644504749 0.25019607843137254 0.04613297150610583
1 0.36196078431372547 0.833785617367707 0.10588235294117647 0.04477611940298507
1 0.2952941176470588 0.8032564450474898 0.02588235294117647 0.016282225237449117
1 0.6062745098039216 0.7109905020352781 0.017254901960784313 0.010854816824966078
1 0.4168627450980392 0.7103120759837178 0.01803921568627451 0.012211668928086838
1 0.6623529411764706 0.6567164179104478 0.01647058823529412 0.035278154681139755
1 0.3643137254901961 0.6567164179104478 0.01647058823529412 0.0407055630936228
1 0.4407843137254902 0.6187245590230664 0.017254901960784313 0.018995929443690638
1 0.5098039215686274 0.6512890094979648 0.09411764705882353 0.12211668928086838
1 0.3376470588235294 0.5278154681139756 0.007058823529411765 0.013568521031207599
1 0.6870588235294117 0.5237449118046132 0.00784313725490196 0.048846675712347354
1 0.6674509803921569 0.38670284938941657 0.006274509803921568 0.008141112618724558