1 0.6435294117647059 0.9789687924016283 0.06666666666666667 0.04206241519674356
1 0.3862745098039216 0.9762550881953868 0.0792156862745098 0.04748982360922659
1 0.3968627450980392 0.8487109905020352 0.06901960784313725 0.023066485753052916
1 0.5741176470588235 0.850067842605156 0.2415686274509804 0.04206241519674356
1 0.35254901960784313 0.8331071913161465 0.01803921568627451 0.008141112618724558
1 0.33372549019607844 0.8242876526458616 0.01803921568627451 0.009497964721845319
1 0.43176470588235294 0.7225237449118046 0.0196078431372549 0.014925373134328358
1 0.5945098039215686 0.7204884667571235 0.018823529411764704 0.013568521031207599
1 0.6509803921568628 0.6879240162822252 0.0203921568627451 0.035278154681139755
1 0.37686274509803924 0.689280868385346 0.0196078431372549 0.037991858887381276
1 0.4403921568627451 0.6336499321573948 0.007058823529411765 0.013568521031207599
1 0.508235294117647 0.6797829036635007 0.0596078431372549 0.16824966078697423
1 0.6886274509803921 0.5671641791044776 0.009411764705882352 0.04341926729986431
1 0.3349019607843137 0.5549525101763908 0.00784313725490196 0.051560379918588875
1 0.6792156862745098 0.4450474898236092 0.01411764705882353 0.032564450474898234