1 0.6431372549019608 0.9789687924016283 0.06745098039215686 0.04206241519674356
1 0.38666666666666666 0.9762550881953868 0.08 0.04748982360922659
1 0.5741176470588235 0.850067842605156 0.2415686274509804 0.04206241519674356
1 0.38823529411764707 0.8419267299864315 0.12705882352941175 0.04477611940298507
1 0.591764705882353 0.723202170963365 0.01803921568627451 0.013568521031207599
1 0.4364705882352941 0.7245590230664858 0.0196078431372549 0.016282225237449117
1 0.5117647058823529 0.7238805970149254 0.043137254901960784 0.08005427408412483
1 0.647843137254902 0.6960651289009498 0.0203921568627451 0.032564450474898234
1 0.3811764705882353 0.6981004070556309 0.02196078431372549 0.036635006784260515
1 0.48549019607843136 0.66078697421981 0.00784313725490196 0.016282225237449117
1 0.4392156862745098 0.635685210312076 0.00784313725490196 0.017639077340569877
1 0.5062745098039215 0.6227951153324288 0.05411764705882353 0.054274084124830396
1 0.6886274509803921 0.582089552238806 0.009411764705882352 0.04613297150610583
1 0.3352941176470588 0.5664857530529173 0.008627450980392156 0.050203527815468114
1 0.6827450980392157 0.4531886024423338 0.014901960784313726 0.048846675712347354