1 0.6435294117647059 0.9789687924016283 0.06666666666666667 0.04206241519674356
1 0.3862745098039216 0.9762550881953868 0.0792156862745098 0.04748982360922659
1 0.3870588235294118 0.844640434192673 0.08862745098039215 0.031207598371777476
1 0.5858823529411765 0.8439620081411127 0.26666666666666666 0.054274084124830396
1 0.32941176470588235 0.8222523744911805 0.025098039215686273 0.013568521031207599
1 0.5109803921568628 0.742876526458616 0.014901960784313726 0.04206241519674356
1 0.6011764705882353 0.7164179104477612 0.01803921568627451 0.010854816824966078
1 0.423921568627451 0.7170963364993216 0.01803921568627451 0.012211668928086838
1 0.6572549019607843 0.6723202170963365 0.018823529411764704 0.036635006784260515
1 0.37019607843137253 0.6729986431478969 0.017254901960784313 0.0407055630936228
1 0.44392156862745097 0.6255088195386703 0.006274509803921568 0.013568521031207599
1 0.5031372549019608 0.6601085481682497 0.07450980392156863 0.13161465400271372
1 0.6886274509803921 0.5434192672998643 0.00784313725490196 0.04748982360922659
1 0.3368627450980392 0.5264586160108549 0.01019607843137255 0.051560379918588875