1 0.643921568627451 0.9789687924016283 0.06745098039215686 0.04206241519674356
1 0.38666666666666666 0.9762550881953868 0.08 0.04748982360922659
1 0.3870588235294118 0.844640434192673 0.08862745098039215 0.031207598371777476
1 0.5866666666666667 0.8439620081411127 0.26666666666666666 0.054274084124830396
1 0.3290196078431373 0.8215739484396201 0.022745098039215685 0.012211668928086838
1 0.42745098039215684 0.7198100407055631 0.018823529411764704 0.012211668928086838
1 0.5980392156862745 0.7184531886024423 0.01803921568627451 0.012211668928086838
1 0.6545098039215687 0.6791044776119403 0.0196078431372549 0.036635006784260515
1 0.37333333333333335 0.680461329715061 0.018823529411764704 0.03934871099050204
1 0.4423529411764706 0.6289009497964722 0.006274509803921568 0.012211668928086838
1 0.5101960784313726 0.6797829036635007 0.0603921568627451 0.16824966078697423
1 0.6890196078431372 0.5529172320217096 0.008627450980392156 0.04748982360922659
1 0.33568627450980393 0.5386702849389416 0.00784313725490196 0.054274084124830396
1 0.6784313725490196 0.44776119402985076 0.00784313725490196 0.010854816824966078
1 0.6815686274509803 0.4389416553595658 0.004705882352941176 0.009497964721845319