1 0.6435294117647059 0.9789687924016283 0.06666666666666667 0.04206241519674356
1 0.3862745098039216 0.9762550881953868 0.0792156862745098 0.04748982360922659
1 0.4125490196078431 0.8527815468113975 0.08 0.023066485753052916
1 0.35764705882352943 0.8351424694708277 0.02823529411764706 0.012211668928086838
1 0.5784313725490197 0.8480325644504749 0.25019607843137254 0.04613297150610583
1 0.3333333333333333 0.8242876526458616 0.017254901960784313 0.009497964721845319
1 0.4286274509803922 0.7211668928086838 0.0196078431372549 0.012211668928086838
1 0.5972549019607843 0.7184531886024423 0.01803921568627451 0.012211668928086838
1 0.6537254901960784 0.6811397557666214 0.0196078431372549 0.035278154681139755
1 0.37411764705882355 0.6824966078697422 0.018823529411764704 0.037991858887381276
1 0.4423529411764706 0.6309362279511533 0.006274509803921568 0.013568521031207599
1 0.5101960784313726 0.6797829036635007 0.0603921568627451 0.16824966078697423
1 0.6890196078431372 0.5569877883310719 0.008627450980392156 0.04748982360922659
1 0.33568627450980393 0.5434192672998643 0.00784313725490196 0.052917232021709636
1 0.6784313725490196 0.44369063772048845 0.010980392156862745 0.021709633649932156