1 0.6435294117647059 0.9789687924016283 0.06666666666666667 0.04206241519674356
1 0.38666666666666666 0.9762550881953868 0.08 0.04748982360922659
1 0.5698039215686275 0.8521031207598372 0.23137254901960785 0.037991858887381276
1 0.3788235294117647 0.8364993215739485 0.14745098039215687 0.05563093622795115
1 0.4411764705882353 0.7272727272727273 0.0196078431372549 0.016282225237449117
1 0.5882352941176471 0.7245590230664858 0.017254901960784313 0.013568521031207599
1 0.5133333333333333 0.7259158751696065 0.03529411764705882 0.07055630936227951
1 0.38509803921568625 0.7069199457259159 0.02196078431372549 0.035278154681139755
1 0.644313725490196 0.7035278154681139 0.021176470588235293 0.031207598371777476
1 0.4372549019607843 0.6383989145183175 0.008627450980392156 0.0203527815468114
1 0.5125490196078432 0.6492537313432836 0.05568627450980392 0.052917232021709636
1 0.4988235294117647 0.6058344640434192 0.023529411764705882 0.0203527815468114
1 0.6874509803921569 0.596336499321574 0.01019607843137255 0.050203527815468114
1 0.336078431372549 0.5800542740841248 0.008627450980392156 0.04477611940298507
1 0.3447058823529412 0.4681139755766621 0.008627450980392156 0.018995929443690638
1 0.6862745098039216 0.46472184531886024 0.012549019607843137 0.04748982360922659