1 0.6435294117647059 0.9789687924016283 0.06666666666666667 0.04206241519674356
1 0.3854901960784314 0.9762550881953868 0.0792156862745098 0.04748982360922659
1 0.5305882352941177 0.8493894165535957 0.3333333333333333 0.04341926729986431
1 0.33725490196078434 0.8263229308005428 0.02666666666666667 0.013568521031207599
1 0.31607843137254904 0.8154681139755766 0.01411764705882353 0.008141112618724558
1 0.7788235294117647 0.7795115332428765 0.012549019607843137 0.009497964721845319
1 0.6184313725490196 0.6940298507462687 0.01647058823529412 0.012211668928086838
1 0.4011764705882353 0.6865671641791045 0.01647058823529412 0.016282225237449117
1 0.5066666666666667 0.7130257801899593 0.047058823529411764 0.08819538670284939
1 0.52 0.6417910447761194 0.03137254901960784 0.027137042062415198
1 0.5682352941176471 0.6336499321573948 0.013333333333333334 0.029850746268656716
1 0.6717647058823529 0.6200814111261872 0.013333333333333334 0.0407055630936228
1 0.3552941176470588 0.6180461329715061 0.01411764705882353 0.04477611940298507
1 0.45215686274509803 0.5949796472184532 0.005490196078431373 0.012211668928086838
1 0.4937254901960784 0.5861601085481682 0.01019607843137255 0.010854816824966078