1 0.6435294117647059 0.9789687924016283 0.06823529411764706 0.04206241519674356
1 0.3862745098039216 0.9762550881953868 0.0792156862745098 0.04748982360922659
1 0.4988235294117647 0.83921302578019 0.39215686274509803 0.06377204884667571
1 0.5874509803921568 0.7259158751696065 0.017254901960784313 0.013568521031207599
1 0.4423529411764706 0.7279511533242876 0.018823529411764704 0.017639077340569877
1 0.3862745098039216 0.7096336499321574 0.022745098039215685 0.035278154681139755
1 0.6435294117647059 0.7055630936227951 0.021176470588235293 0.029850746268656716
1 0.5137254901960784 0.7252374491180461 0.03764705882352941 0.06919945725915876
1 0.4364705882352941 0.6397557666214383 0.008627450980392156 0.0203527815468114
1 0.5098039215686274 0.6472184531886025 0.0611764705882353 0.05970149253731343
1 0.6870588235294117 0.5990502035278155 0.010980392156862745 0.050203527815468114
1 0.33647058823529413 0.5834464043419267 0.009411764705882352 0.04613297150610583
1 0.3447058823529412 0.4681139755766621 0.01019607843137255 0.024423337856173677
1 0.6870588235294117 0.46743554952510175 0.012549019607843137 0.04748982360922659