1 0.644313725490196 0.9782903663500678 0.06666666666666667 0.04341926729986431
1 0.3854901960784314 0.9762550881953868 0.0792156862745098 0.04748982360922659
1 0.3686274509803922 0.8398914518317503 0.03294117647058824 0.013568521031207599
1 0.5403921568627451 0.850067842605156 0.30901960784313726 0.04206241519674356
1 0.33294117647058824 0.8242876526458616 0.01803921568627451 0.009497964721845319
1 0.31254901960784315 0.8134328358208955 0.021176470588235293 0.012211668928086838
1 0.6141176470588235 0.7021709633649932 0.017254901960784313 0.009497964721845319
1 0.4066666666666667 0.6953867028493894 0.01803921568627451 0.014925373134328358
1 0.5086274509803922 0.7082767978290366 0.04470588235294118 0.07598371777476255
1 0.5690196078431372 0.6309362279511533 0.014901960784313726 0.032564450474898234
1 0.6690196078431373 0.6329715061058344 0.01411764705882353 0.03934871099050204
1 0.35764705882352943 0.6329715061058344 0.01411764705882353 0.04477611940298507
1 0.45019607843137255 0.6024423337856174 0.006274509803921568 0.013568521031207599
1 0.504313725490196 0.6241519674355496 0.06431372549019608 0.07598371777476255
1 0.6835294117647058 0.5067842605156038 0.008627450980392156 0.012211668928086838