1 0.6435294117647059 0.9782903663500678 0.06823529411764706 0.04341926729986431
1 0.3862745098039216 0.9762550881953868 0.0792156862745098 0.04748982360922659
1 0.39176470588235296 0.8466757123473542 0.0792156862745098 0.027137042062415198
1 0.5819607843137254 0.8459972862957937 0.25882352941176473 0.050203527815468114
1 0.32862745098039214 0.8215739484396201 0.023529411764705882 0.012211668928086838
1 0.4258823529411765 0.7184531886024423 0.018823529411764704 0.012211668928086838
1 0.5992156862745098 0.7170963364993216 0.018823529411764704 0.012211668928086838
1 0.6552941176470588 0.6777476255088195 0.0196078431372549 0.036635006784260515
1 0.37254901960784315 0.6777476255088195 0.018823529411764704 0.03934871099050204
1 0.44313725490196076 0.6282225237449118 0.006274509803921568 0.013568521031207599
1 0.5101960784313726 0.6797829036635007 0.0603921568627451 0.16824966078697423
1 0.6890196078431372 0.5495251017639078 0.008627450980392156 0.048846675712347354
1 0.336078431372549 0.5325644504748982 0.008627450980392156 0.05563093622795115
1 0.6788235294117647 0.44369063772048845 0.007058823529411765 0.013568521031207599