1 0.643921568627451 0.9782903663500678 0.06745098039215686 0.04341926729986431
1 0.38666666666666666 0.9762550881953868 0.08 0.04748982360922659
1 0.4188235294117647 0.8554952510176391 0.06588235294117648 0.017639077340569877
1 0.35843137254901963 0.835820895522388 0.03137254901960784 0.013568521031207599
1 0.32941176470588235 0.8222523744911805 0.025098039215686273 0.013568521031207599
1 0.5874509803921568 0.8426051560379919 0.2698039215686274 0.05698778833107191
1 0.5113725490196078 0.7455902306648575 0.01411764705882353 0.033921302578018994
1 0.42274509803921567 0.7170963364993216 0.018823529411764704 0.012211668928086838
1 0.6019607843137255 0.7150610583446404 0.01803921568627451 0.010854816824966078
1 0.6580392156862745 0.669606512890095 0.018823529411764704 0.036635006784260515
1 0.36901960784313725 0.6709633649932157 0.01803921568627451 0.03934871099050204
1 0.4435294117647059 0.6234735413839891 0.008627450980392156 0.014925373134328358
1 0.5035294117647059 0.658751696065129 0.07686274509803921 0.12890094979647218
1 0.6882352941176471 0.5407055630936228 0.007058823529411765 0.04748982360922659
1 0.33725490196078434 0.5244233378561737 0.010980392156862745 0.04748982360922659