1 0.6435294117647059 0.9789687924016283 0.06666666666666667 0.04206241519674356
1 0.3854901960784314 0.9762550881953868 0.0792156862745098 0.04748982360922659
1 0.4031372549019608 0.8514246947082768 0.05647058823529412 0.017639077340569877
1 0.5741176470588235 0.850067842605156 0.2415686274509804 0.04206241519674356
1 0.33019607843137255 0.8222523744911805 0.042352941176470586 0.021709633649932156
1 0.6074509803921568 0.7103120759837178 0.01803921568627451 0.009497964721845319
1 0.41568627450980394 0.7089552238805971 0.018823529411764704 0.012211668928086838
1 0.6631372549019607 0.6540027137042063 0.01647058823529412 0.035278154681139755
1 0.3635294117647059 0.6546811397557666 0.01647058823529412 0.04206241519674356
1 0.4411764705882353 0.6180461329715061 0.01803921568627451 0.0203527815468114
1 0.5101960784313726 0.6519674355495251 0.09490196078431372 0.12618724559023067
1 0.33725490196078434 0.5271370420624152 0.006274509803921568 0.009497964721845319
1 0.6866666666666666 0.5189959294436907 0.008627450980392156 0.050203527815468114