1 0.643921568627451 0.9782903663500678 0.06745098039215686 0.04341926729986431
1 0.3862745098039216 0.9762550881953868 0.0792156862745098 0.04748982360922659
1 0.4250980392156863 0.8534599728629579 0.1207843137254902 0.029850746268656716
1 0.5905882352941176 0.850067842605156 0.20862745098039215 0.04206241519674356
1 0.45019607843137255 0.7313432835820896 0.01568627450980392 0.018995929443690638
1 0.5811764705882353 0.7279511533242876 0.01568627450980392 0.017639077340569877
1 0.3941176470588235 0.723202170963365 0.022745098039215685 0.032564450474898234
1 0.6368627450980392 0.7198100407055631 0.02196078431372549 0.028493894165535955
1 0.4329411764705882 0.6458616010854816 0.00784313725490196 0.021709633649932156
1 0.5180392156862745 0.6682496607869742 0.07450980392156863 0.13161465400271372
1 0.6835294117647058 0.6227951153324288 0.014901960784313726 0.051560379918588875
1 0.3392156862745098 0.6099050203527816 0.01019607843137255 0.04748982360922659
1 0.6909803921568628 0.48846675712347354 0.009411764705882352 0.04341926729986431
1 0.3415686274509804 0.4735413839891452 0.01803921568627451 0.054274084124830396