1 0.643921568627451 0.9782903663500678 0.06901960784313725 0.04341926729986431
1 0.3862745098039216 0.9762550881953868 0.0792156862745098 0.04748982360922659
1 0.37411764705882355 0.8419267299864315 0.023529411764705882 0.009497964721845319
1 0.5470588235294118 0.850067842605156 0.29568627450980395 0.04206241519674356
1 0.35294117647058826 0.8331071913161465 0.017254901960784313 0.008141112618724558
1 0.712156862745098 0.8208955223880597 0.01568627450980392 0.008141112618724558
1 0.3247058823529412 0.819538670284939 0.018823529411764704 0.010854816824966078
1 0.45098039215686275 0.7313432835820896 0.01568627450980392 0.018995929443690638
1 0.5803921568627451 0.7279511533242876 0.01568627450980392 0.017639077340569877
1 0.3949019607843137 0.7245590230664858 0.022745098039215685 0.032564450474898234
1 0.636078431372549 0.7204884667571235 0.02196078431372549 0.027137042062415198
1 0.43254901960784314 0.6472184531886025 0.007058823529411765 0.021709633649932156
1 0.5137254901960784 0.6675712347354138 0.0815686274509804 0.1248303934871099
1 0.6831372549019608 0.6261872455902306 0.01411764705882353 0.050203527815468114
1 0.34 0.6132971506105834 0.011764705882352941 0.048846675712347354
1 0.6909803921568628 0.49118046132971505 0.009411764705882352 0.04341926729986431
1 0.3407843137254902 0.47421981004070557 0.01803921568627451 0.05563093622795115
1 0.6756862745098039 0.40027137042062416 0.007058823529411765 0.010854816824966078