1 0.6435294117647059 0.9782903663500678 0.06823529411764706 0.04341926729986431
1 0.3862745098039216 0.9755766621438263 0.08078431372549019 0.048846675712347354
1 0.5227450980392156 0.8432835820895522 0.396078431372549 0.05563093622795115
1 0.40509803921568627 0.7394843962008141 0.022745098039215685 0.027137042062415198
1 0.6278431372549019 0.7347354138398915 0.022745098039215685 0.023066485753052916
1 0.5380392156862746 0.7293080054274084 0.006274509803921568 0.012211668928086838
1 0.4596078431372549 0.728629579375848 0.01411764705882353 0.018995929443690638
1 0.5729411764705883 0.7265943012211669 0.014901960784313726 0.0203527815468114
1 0.4392156862745098 0.6417910447761194 0.018823529411764704 0.027137042062415198
1 0.6768627450980392 0.6519674355495251 0.017254901960784313 0.052917232021709636
1 0.3466666666666667 0.6397557666214383 0.01568627450980392 0.052917232021709636
1 0.5121568627450981 0.6906377204884667 0.05803921568627451 0.15739484396200815
1 0.6937254901960784 0.5169606512890095 0.008627450980392156 0.04341926729986431
1 0.3341176470588235 0.5013568521031208 0.010980392156862745 0.050203527815468114
1 0.35058823529411764 0.4226594301221167 0.00784313725490196 0.009497964721845319
1 0.6772549019607843 0.40637720488466755 0.01803921568627451 0.04477611940298507