1 0.6431372549019608 0.9789687924016283 0.06745098039215686 0.04206241519674356
1 0.3862745098039216 0.9762550881953868 0.0792156862745098 0.04748982360922659
1 0.40862745098039216 0.8534599728629579 0.04549019607843137 0.013568521031207599
1 0.36392156862745095 0.8378561736770692 0.042352941176470586 0.017639077340569877
1 0.571764705882353 0.8459972862957937 0.2792156862745098 0.050203527815468114
1 0.3254901960784314 0.8202170963364993 0.03294117647058824 0.017639077340569877
1 0.3007843137254902 0.8066485753052918 0.014901960784313726 0.009497964721845319
1 0.5125490196078432 0.7455902306648575 0.01019607843137255 0.0203527815468114
1 0.4203921568627451 0.7150610583446404 0.018823529411764704 0.010854816824966078
1 0.6039215686274509 0.7130257801899593 0.018823529411764704 0.012211668928086838
1 0.659607843137255 0.6648575305291723 0.017254901960784313 0.035278154681139755
1 0.36705882352941177 0.6648575305291723 0.017254901960784313 0.0407055630936228
1 0.4415686274509804 0.6194029850746269 0.01411764705882353 0.017639077340569877
1 0.5066666666666667 0.6546811397557666 0.08627450980392157 0.12347354138398914
1 0.33725490196078434 0.5264586160108549 0.010980392156862745 0.029850746268656716
1 0.687843137254902 0.5345997286295794 0.00784313725490196 0.048846675712347354
1 0.6666666666666666 0.3853459972862958 0.006274509803921568 0.010854816824966078