1 0.6435294117647059 0.9789687924016283 0.06666666666666667 0.04206241519674356
1 0.3854901960784314 0.9762550881953868 0.0792156862745098 0.04748982360922659
1 0.4082352941176471 0.8514246947082768 0.08862745098039215 0.025780189959294438
1 0.5741176470588235 0.850067842605156 0.2415686274509804 0.04206241519674356
1 0.3423529411764706 0.8290366350067843 0.01647058823529412 0.008141112618724558
1 0.31607843137254904 0.8154681139755766 0.01411764705882353 0.008141112618724558
1 0.7811764705882352 0.7774762550881954 0.01568627450980392 0.010854816824966078
1 0.6192156862745098 0.6926729986431479 0.01647058823529412 0.012211668928086838
1 0.4 0.6845318860244234 0.01568627450980392 0.014925373134328358
1 0.5074509803921569 0.7116689280868386 0.04862745098039216 0.09090909090909091
1 0.567843137254902 0.6329715061058344 0.012549019607843137 0.028493894165535955
1 0.6717647058823529 0.6180461329715061 0.013333333333333334 0.03934871099050204
1 0.3545098039215686 0.6139755766621439 0.01411764705882353 0.04206241519674356
1 0.45215686274509803 0.5943012211668928 0.005490196078431373 0.013568521031207599
1 0.4949019607843137 0.5915875169606513 0.02980392156862745 0.027137042062415198