1 0.643921568627451 0.9789687924016283 0.06588235294117648 0.04206241519674356
1 0.38588235294117645 0.9762550881953868 0.08 0.04748982360922659
1 0.4243137254901961 0.8575305291723202 0.05333333333333334 0.013568521031207599
1 0.38 0.844640434192673 0.03372549019607843 0.012211668928086838
1 0.5780392156862745 0.8480325644504749 0.25098039215686274 0.04613297150610583
1 0.7788235294117647 0.7788331071913162 0.010980392156862745 0.008141112618724558
1 0.6223529411764706 0.6858887381275441 0.013333333333333334 0.014925373134328358
1 0.39450980392156865 0.6777476255088195 0.01411764705882353 0.014925373134328358
1 0.6705882352941176 0.6146540027137042 0.00784313725490196 0.016282225237449117
1 0.676078431372549 0.5949796472184532 0.006274509803921568 0.0203527815468114
1 0.35254901960784313 0.6010854816824966 0.013333333333333334 0.032564450474898234
1 0.4541176470588235 0.587516960651289 0.004705882352941176 0.013568521031207599
1 0.504313725490196 0.666214382632293 0.06274509803921569 0.17639077340569878