1 0.644313725490196 0.9782903663500678 0.06666666666666667 0.04341926729986431
1 0.3854901960784314 0.9762550881953868 0.0792156862745098 0.04748982360922659
1 0.40627450980392155 0.8507462686567164 0.08941176470588236 0.027137042062415198
1 0.5901960784313726 0.8493894165535957 0.21411764705882352 0.04341926729986431
1 0.33294117647058824 0.8242876526458616 0.01803921568627451 0.009497964721845319
1 0.31176470588235294 0.8127544097693351 0.022745098039215685 0.013568521031207599
1 0.6133333333333333 0.7028493894165536 0.017254901960784313 0.010854816824966078
1 0.40784313725490196 0.6974219810040706 0.018823529411764704 0.016282225237449117
1 0.5094117647058823 0.7062415196743554 0.04784313725490196 0.0773405698778833
1 0.6686274509803921 0.635685210312076 0.014901960784313726 0.03934871099050204
1 0.5686274509803921 0.6302578018995929 0.01411764705882353 0.031207598371777476
1 0.3580392156862745 0.635685210312076 0.014901960784313726 0.04477611940298507
1 0.4498039215686275 0.6037991858887382 0.005490196078431373 0.013568521031207599
1 0.503921568627451 0.6234735413839891 0.06352941176470588 0.0773405698778833
1 0.683921568627451 0.5074626865671642 0.009411764705882352 0.016282225237449117