1 0.644313725490196 0.9782903663500678 0.06666666666666667 0.04341926729986431
1 0.3854901960784314 0.9762550881953868 0.0792156862745098 0.04748982360922659
1 0.40705882352941175 0.8507462686567164 0.08941176470588236 0.027137042062415198
1 0.5741176470588235 0.850067842605156 0.2415686274509804 0.04206241519674356
1 0.3168627450980392 0.8154681139755766 0.03294117647058824 0.018995929443690638
1 0.611764705882353 0.7048846675712347 0.017254901960784313 0.009497964721845319
1 0.41019607843137257 0.7014925373134329 0.018823529411764704 0.013568521031207599
1 0.6670588235294118 0.641112618724559 0.014901960784313726 0.03934871099050204
1 0.3592156862745098 0.641112618724559 0.01568627450980392 0.04477611940298507
1 0.5674509803921569 0.6261872455902306 0.01019607843137255 0.023066485753052916
1 0.4419607843137255 0.6180461329715061 0.007058823529411765 0.009497964721845319
1 0.44901960784313727 0.6065128900949797 0.005490196078431373 0.013568521031207599
1 0.515686274509804 0.6601085481682497 0.08392156862745098 0.15332428765264586
1 0.6850980392156862 0.5040705563093623 0.008627450980392156 0.033921302578018994