1 0.6431372549019608 0.9789687924016283 0.06745098039215686 0.04206241519674356
1 0.38666666666666666 0.9762550881953868 0.08 0.04748982360922659
1 0.39725490196078433 0.8487109905020352 0.06980392156862746 0.023066485753052916
1 0.35254901960784313 0.8331071913161465 0.01803921568627451 0.008141112618724558
1 0.5780392156862745 0.8480325644504749 0.24784313725490195 0.04613297150610583
1 0.3180392156862745 0.816146540027137 0.03058823529411765 0.017639077340569877
1 0.4443137254901961 0.7293080054274084 0.01803921568627451 0.017639077340569877
1 0.5850980392156863 0.7259158751696065 0.017254901960784313 0.013568521031207599
1 0.5529411764705883 0.7048846675712347 0.004705882352941176 0.009497964721845319
1 0.38862745098039214 0.7130257801899593 0.022745098039215685 0.033921302578018994
1 0.6415686274509804 0.7096336499321574 0.02196078431372549 0.029850746268656716
1 0.5168627450980392 0.7211668928086838 0.047058823529411764 0.06648575305291723
1 0.4356862745098039 0.6417910447761194 0.008627450980392156 0.021709633649932156
1 0.5086274509803922 0.6431478968792401 0.06196078431372549 0.07055630936227951
1 0.6862745098039216 0.6058344640434192 0.010980392156862745 0.050203527815468114
1 0.33725490196078434 0.5915875169606513 0.009411764705882352 0.04613297150610583
1 0.3431372549019608 0.4796472184531886 0.005490196078431373 0.012211668928086838
1 0.3403921568627451 0.4626865671641791 0.006274509803921568 0.018995929443690638
1 0.6886274509803921 0.4735413839891452 0.010980392156862745 0.048846675712347354