1 0.643921568627451 0.9782903663500678 0.06745098039215686 0.04341926729986431
1 0.3862745098039216 0.9762550881953868 0.0792156862745098 0.04748982360922659
1 0.4023529411764706 0.8487109905020352 0.0988235294117647 0.031207598371777476
1 0.5827450980392157 0.8459972862957937 0.25882352941176473 0.050203527815468114
1 0.33019607843137255 0.8222523744911805 0.042352941176470586 0.021709633649932156
1 0.3007843137254902 0.8066485753052918 0.014901960784313726 0.009497964721845319
1 0.6058823529411764 0.7116689280868386 0.01803921568627451 0.009497964721845319
1 0.4180392156862745 0.7116689280868386 0.018823529411764704 0.012211668928086838
1 0.6615686274509804 0.6594301221166893 0.01647058823529412 0.035278154681139755
1 0.3650980392156863 0.6594301221166893 0.01647058823529412 0.0407055630936228
1 0.4407843137254902 0.6187245590230664 0.017254901960784313 0.018995929443690638
1 0.5098039215686274 0.6512890094979648 0.09254901960784313 0.11940298507462686
1 0.3376470588235294 0.5291723202170964 0.007058823529411765 0.016282225237449117
1 0.6874509803921569 0.5278154681139756 0.007058823529411765 0.048846675712347354
1 0.6670588235294118 0.38738127544097695 0.007058823529411765 0.012211668928086838