1 0.6435294117647059 0.9789687924016283 0.06666666666666667 0.04206241519674356
1 0.38666666666666666 0.9762550881953868 0.08 0.04748982360922659
1 0.4196078431372549 0.8554952510176391 0.06588235294117648 0.017639077340569877
1 0.5584313725490196 0.8568521031207599 0.20862745098039215 0.028493894165535955
1 0.6792156862745098 0.835820895522388 0.03137254901960784 0.013568521031207599
1 0.3454901960784314 0.8276797829036635 0.08078431372549019 0.037991858887381276
1 0.44 0.7265943012211669 0.018823529411764704 0.014925373134328358
1 0.5890196078431372 0.7245590230664858 0.017254901960784313 0.013568521031207599
1 0.5137254901960784 0.7252374491180461 0.03607843137254902 0.07462686567164178
1 0.6450980392156863 0.7014925373134329 0.021176470588235293 0.029850746268656716
1 0.3843137254901961 0.7048846675712347 0.02196078431372549 0.036635006784260515
1 0.5172549019607843 0.6519674355495251 0.04784313725490196 0.04477611940298507
1 0.4376470588235294 0.6383989145183175 0.00784313725490196 0.0203527815468114
1 0.5003921568627451 0.6092265943012212 0.03294117647058824 0.029850746268656716
1 0.687843137254902 0.592944369063772 0.009411764705882352 0.048846675712347354
1 0.33568627450980393 0.576662143826323 0.00784313725490196 0.04613297150610583
1 0.34509803921568627 0.46404341926729986 0.006274509803921568 0.008141112618724558
1 0.6854901960784314 0.46200814111261873 0.012549019607843137 0.04748982360922659