1 0.643921568627451 0.9782903663500678 0.06745098039215686 0.04341926729986431
1 0.3854901960784314 0.9762550881953868 0.0792156862745098 0.04748982360922659
1 0.4109803921568628 0.8527815468113975 0.08 0.023066485753052916
1 0.5733333333333334 0.850067842605156 0.24313725490196078 0.04206241519674356
1 0.3415686274509804 0.8283582089552238 0.01803921568627451 0.009497964721845319
1 0.3243137254901961 0.819538670284939 0.014901960784313726 0.008141112618724558
1 0.62 0.6899592944369064 0.014901960784313726 0.014925373134328358
1 0.3976470588235294 0.6818181818181818 0.01568627450980392 0.014925373134328358
1 0.5074509803921569 0.7089552238805971 0.05019607843137255 0.09362279511533243
1 0.5666666666666667 0.6329715061058344 0.008627450980392156 0.0203527815468114
1 0.6725490196078432 0.6126187245590231 0.013333333333333334 0.03934871099050204
1 0.3537254901960784 0.6078697421981004 0.01411764705882353 0.0407055630936228
1 0.45294117647058824 0.5915875169606513 0.005490196078431373 0.013568521031207599
1 0.5003921568627451 0.6160108548168249 0.05333333333333334 0.07869742198100407