1 0.644313725490196 0.9782903663500678 0.06823529411764706 0.04341926729986431
1 0.38666666666666666 0.9762550881953868 0.08 0.04748982360922659
1 0.5149019607843137 0.850067842605156 0.3427450980392157 0.04206241519674356
1 0.703921568627451 0.8242876526458616 0.03372549019607843 0.017639077340569877
1 0.3298039215686275 0.8222523744911805 0.02431372549019608 0.013568521031207599
1 0.45176470588235296 0.7306648575305291 0.01568627450980392 0.0203527815468114
1 0.5796078431372549 0.7279511533242876 0.01411764705882353 0.017639077340569877
1 0.39647058823529413 0.7272727272727273 0.022745098039215685 0.029850746268656716
1 0.6349019607843137 0.7225237449118046 0.022745098039215685 0.028493894165535955
1 0.44745098039215686 0.6512890094979648 0.008627450980392156 0.021709633649932156
1 0.432156862745098 0.6478968792401628 0.006274509803921568 0.0203527815468114
1 0.5133333333333333 0.6655359565807327 0.08078431372549019 0.11804613297150611
1 0.6819607843137255 0.6295793758480326 0.014901960784313726 0.051560379918588875
1 0.3407843137254902 0.6160108548168249 0.011764705882352941 0.048846675712347354
1 0.691764705882353 0.49525101763907736 0.009411764705882352 0.04341926729986431
1 0.3396078431372549 0.4769335142469471 0.017254901960784313 0.05834464043419267
1 0.6745098039215687 0.40298507462686567 0.006274509803921568 0.010854816824966078