1 0.643921568627451 0.9782903663500678 0.06745098039215686 0.04341926729986431
1 0.38666666666666666 0.9762550881953868 0.08 0.04748982360922659
1 0.5458823529411765 0.8656716417910447 0.1192156862745098 0.010854816824966078
1 0.45098039215686275 0.8622795115332429 0.06901960784313725 0.012211668928086838
1 0.38901960784313727 0.8466757123473542 0.05333333333333334 0.018995929443690638
1 0.6505882352941177 0.844640434192673 0.08862745098039215 0.031207598371777476
1 0.35294117647058826 0.8331071913161465 0.017254901960784313 0.008141112618724558
1 0.44901960784313727 0.7299864314789688 0.01647058823529412 0.018995929443690638
1 0.5819607843137254 0.7272727272727273 0.01568627450980392 0.016282225237449117
1 0.39254901960784316 0.7204884667571235 0.022745098039215685 0.032564450474898234
1 0.6384313725490196 0.7177747625508819 0.02196078431372549 0.029850746268656716
1 0.4337254901960784 0.6451831750339213 0.00784313725490196 0.023066485753052916
1 0.5180392156862745 0.6689280868385346 0.07607843137254902 0.13568521031207598
1 0.683921568627451 0.6194029850746269 0.01411764705882353 0.050203527815468114
1 0.3388235294117647 0.60719131614654 0.009411764705882352 0.04748982360922659
1 0.6901960784313725 0.48575305291723203 0.009411764705882352 0.04341926729986431
1 0.3419607843137255 0.4687924016282225 0.017254901960784313 0.04477611940298507