1 0.5070588235294118 0.9497964721845319 0.30823529411764705 0.05698778833107191
1 0.5 0.8419267299864315 0.12 0.009497964721845319
1 0.5847058823529412 0.8378561736770692 0.04627450980392157 0.009497964721845319
1 0.6290196078431373 0.8263229308005428 0.0407843137254902 0.013568521031207599
1 0.39254901960784316 0.8242876526458616 0.02588235294117647 0.009497964721845319
1 0.6772549019607843 0.8073270013568521 0.03372549019607843 0.016282225237449117
1 0.33137254901960783 0.7978290366350068 0.014901960784313726 0.008141112618724558
1 0.5196078431372549 0.6702849389416553 0.04470588235294118 0.08955223880597014
1 0.6780392156862745 0.6160108548168249 0.021176470588235293 0.04613297150610583
1 0.4419607843137255 0.587516960651289 0.005490196078431373 0.008141112618724558
1 0.5196078431372549 0.5698778833107191 0.0603921568627451 0.08412483039348712