1 0.5074509803921569 0.9497964721845319 0.30745098039215685 0.05698778833107191
1 0.49058823529411766 0.8398914518317503 0.1403921568627451 0.013568521031207599
1 0.5925490196078431 0.835820895522388 0.058823529411764705 0.013568521031207599
1 0.636078431372549 0.8242876526458616 0.02666666666666667 0.009497964721845319
1 0.3811764705882353 0.8202170963364993 0.023529411764705882 0.009497964721845319
1 0.6427450980392156 0.6865671641791045 0.022745098039215685 0.021709633649932156
1 0.5972549019607843 0.6797829036635007 0.0196078431372549 0.018995929443690638
1 0.3847058823529412 0.6770691994572592 0.029019607843137254 0.029850746268656716
1 0.5215686274509804 0.6845318860244234 0.0392156862745098 0.07462686567164178
1 0.5329411764705883 0.6221166892808684 0.013333333333333334 0.009497964721845319
1 0.5070588235294118 0.621438263229308 0.01019607843137255 0.010854816824966078
1 0.5211764705882352 0.5746268656716418 0.05411764705882353 0.052917232021709636
1 0.7070588235294117 0.5488466757123474 0.01019607843137255 0.06648575305291723
1 0.3254901960784314 0.5305291723202171 0.00784313725490196 0.06241519674355495