1 0.5070588235294118 0.9497964721845319 0.30823529411764705 0.05698778833107191
1 0.5847058823529412 0.8378561736770692 0.04627450980392157 0.009497964721845319
1 0.6215686274509804 0.8290366350067843 0.02588235294117647 0.008141112618724558
1 0.39176470588235296 0.8242876526458616 0.02588235294117647 0.009497964721845319
1 0.6772549019607843 0.8073270013568521 0.03372549019607843 0.016282225237449117
1 0.3392156862745098 0.8018995929443691 0.014901960784313726 0.008141112618724558
1 0.5203921568627451 0.6709633649932157 0.043137254901960784 0.08819538670284939
1 0.6772549019607843 0.6194029850746269 0.021176470588235293 0.04477611940298507
1 0.5152941176470588 0.6031207598371777 0.02980392156862745 0.014925373134328358
1 0.4415686274509804 0.587516960651289 0.00784313725490196 0.008141112618724558
1 0.5192156862745098 0.5576662143826323 0.05647058823529412 0.05970149253731343