1 0.5070588235294118 0.9497964721845319 0.30823529411764705 0.05698778833107191
1 0.591764705882353 0.835820895522388 0.0603921568627451 0.013568521031207599
1 0.39215686274509803 0.8242876526458616 0.02666666666666667 0.009497964721845319
1 0.6458823529411765 0.8202170963364993 0.04627450980392157 0.017639077340569877
1 0.6819607843137255 0.805291723202171 0.02431372549019608 0.012211668928086838
1 0.47490196078431374 0.6370420624151968 0.02431372549019608 0.025780189959294438
1 0.5376470588235294 0.6424694708276798 0.021176470588235293 0.050203527815468114
1 0.6811764705882353 0.6078697421981004 0.013333333333333334 0.032564450474898234
1 0.4180392156862745 0.5949796472184532 0.006274509803921568 0.009497964721845319
1 0.6886274509803921 0.582089552238806 0.00784313725490196 0.016282225237449117
1 0.5207843137254902 0.5970149253731343 0.0596078431372549 0.14111261872455902