1 0.5070588235294118 0.9497964721845319 0.30823529411764705 0.05698778833107191
1 0.5858823529411765 0.8378561736770692 0.04549019607843137 0.009497964721845319
1 0.6294117647058823 0.8263229308005428 0.04 0.013568521031207599
1 0.39215686274509803 0.8242876526458616 0.02666666666666667 0.009497964721845319
1 0.34980392156862744 0.8073270013568521 0.01411764705882353 0.008141112618724558
1 0.6796078431372549 0.8066485753052918 0.01803921568627451 0.009497964721845319
1 0.7537254901960785 0.762550881953867 0.010980392156862745 0.008141112618724558
1 0.6607843137254902 0.6614654002713705 0.02431372549019608 0.028493894165535955
1 0.3658823529411765 0.6445047489823609 0.027450980392156862 0.04341926729986431
1 0.5262745098039215 0.6092265943012212 0.09098039215686274 0.13297150610583447
1 0.7070588235294117 0.49796472184531887 0.01019607843137255 0.037991858887381276