1 0.5070588235294118 0.9497964721845319 0.30823529411764705 0.05698778833107191
1 0.5854901960784313 0.8378561736770692 0.04627450980392157 0.009497964721845319
1 0.6219607843137255 0.8290366350067843 0.025098039215686273 0.008141112618724558
1 0.34980392156862744 0.8073270013568521 0.017254901960784313 0.008141112618724558
1 0.6796078431372549 0.8066485753052918 0.01803921568627451 0.009497964721845319
1 0.6968627450980392 0.7978290366350068 0.014901960784313726 0.008141112618724558
1 0.7498039215686274 0.7652645861601085 0.01568627450980392 0.010854816824966078
1 0.663921568627451 0.6560379918588873 0.02431372549019608 0.031207598371777476
1 0.3631372549019608 0.6377204884667571 0.02666666666666667 0.04613297150610583
1 0.5309803921568628 0.6221166892808684 0.07686274509803921 0.16960651289009498
1 0.7074509803921568 0.4898236092265943 0.006274509803921568 0.021709633649932156