1 0.5074509803921569 0.9504748982360922 0.30745098039215685 0.05563093622795115
1 0.5850980392156863 0.8378561736770692 0.04549019607843137 0.009497964721845319
1 0.6290196078431373 0.8263229308005428 0.0407843137254902 0.013568521031207599
1 0.39215686274509803 0.8242876526458616 0.02666666666666667 0.009497964721845319
1 0.35058823529411764 0.8073270013568521 0.01568627450980392 0.008141112618724558
1 0.6827450980392157 0.805291723202171 0.02431372549019608 0.012211668928086838
1 0.5223529411764706 0.666214382632293 0.010980392156862745 0.013568521031207599
1 0.66 0.6628222523744912 0.02431372549019608 0.028493894165535955
1 0.36705882352941177 0.6465400271370421 0.02666666666666667 0.04206241519674356
1 0.5250980392156863 0.6058344640434192 0.09333333333333334 0.12618724559023067
1 0.7070588235294117 0.49864314789687925 0.01019607843137255 0.04748982360922659