1 0.5976470588235294 0.9525101763907734 0.12705882352941175 0.051560379918588875
1 0.4435294117647059 0.9497964721845319 0.1796078431372549 0.05698778833107191
1 0.44392156862745097 0.8378561736770692 0.047058823529411764 0.009497964721845319
1 0.6294117647058823 0.8263229308005428 0.04 0.013568521031207599
1 0.3811764705882353 0.8202170963364993 0.023529411764705882 0.009497964721845319
1 0.6419607843137255 0.6879240162822252 0.022745098039215685 0.021709633649932156
1 0.44784313725490194 0.6797829036635007 0.00784313725490196 0.008141112618724558
1 0.5949019607843137 0.6791044776119403 0.021176470588235293 0.0203527815468114
1 0.3862745098039216 0.6791044776119403 0.029019607843137254 0.028493894165535955
1 0.5215686274509804 0.6852103120759837 0.03764705882352941 0.07327001356852103
1 0.5203921568627451 0.5698778833107191 0.050980392156862744 0.04613297150610583
1 0.7070588235294117 0.5515603799185889 0.01019607843137255 0.06648575305291723
1 0.32588235294117646 0.533921302578019 0.008627450980392156 0.06377204884667571