1 0.5070588235294118 0.9497964721845319 0.30823529411764705 0.05698778833107191
1 0.592156862745098 0.835820895522388 0.0596078431372549 0.013568521031207599
1 0.39294117647058824 0.8242876526458616 0.025098039215686273 0.009497964721845319
1 0.6411764705882353 0.8222523744911805 0.03686274509803922 0.013568521031207599
1 0.6792156862745098 0.8066485753052918 0.018823529411764704 0.009497964721845319
1 0.52 0.7001356852103121 0.010980392156862745 0.021709633649932156
1 0.47294117647058825 0.6397557666214383 0.017254901960784313 0.017639077340569877
1 0.5360784313725491 0.6445047489823609 0.022745098039215685 0.04341926729986431
1 0.504313725490196 0.6445047489823609 0.02666666666666667 0.04613297150610583
1 0.6815686274509803 0.6051560379918589 0.018823529411764704 0.048846675712347354
1 0.5203921568627451 0.5705563093622795 0.0603921568627451 0.08548168249660787