1 0.6647058823529411 0.9932157394843962 0.011764705882352941 0.013568521031207599
1 0.3298039215686275 0.9905020352781547 0.01803921568627451 0.018995929443690638
1 0.4988235294117647 0.8778833107191316 0.3215686274509804 0.035278154681139755
1 0.687843137254902 0.8514246947082768 0.054901960784313725 0.025780189959294438
1 0.31450980392156863 0.8493894165535957 0.042352941176470586 0.021709633649932156
1 0.26941176470588235 0.8256445047489823 0.013333333333333334 0.009497964721845319
1 0.7788235294117647 0.7985074626865671 0.0203921568627451 0.014925373134328358
1 0.4168627450980392 0.7265943012211669 0.027450980392156862 0.0203527815468114
1 0.6447058823529411 0.7001356852103121 0.02196078431372549 0.021709633649932156
1 0.3305882352941176 0.6824966078697422 0.027450980392156862 0.04613297150610583
1 0.39450980392156865 0.5990502035278155 0.018823529411764704 0.033921302578018994
1 0.5003921568627451 0.6255088195386703 0.0815686274509804 0.15739484396200815
1 0.7156862745098039 0.5495251017639078 0.01019607843137255 0.029850746268656716