1 0.6643137254901961 0.9932157394843962 0.012549019607843137 0.013568521031207599
1 0.3305882352941176 0.9905020352781547 0.01803921568627451 0.018995929443690638
1 0.5137254901960784 0.864314789687924 0.42196078431372547 0.06241519674355495
1 0.7411764705882353 0.8236092265943012 0.012549019607843137 0.008141112618724558
1 0.27215686274509804 0.8263229308005428 0.02196078431372549 0.013568521031207599
1 0.7780392156862745 0.7991858887381276 0.02196078431372549 0.016282225237449117
1 0.432156862745098 0.7259158751696065 0.023529411764705882 0.024423337856173677
1 0.6262745098039215 0.7130257801899593 0.03215686274509804 0.014925373134328358
1 0.3447058823529412 0.7103120759837178 0.03058823529411765 0.03934871099050204
1 0.40078431372549017 0.6010854816824966 0.017254901960784313 0.027137042062415198
1 0.52 0.6350067842605156 0.0815686274509804 0.1519674355495251
1 0.711764705882353 0.576662143826323 0.01019607843137255 0.054274084124830396