1 0.6643137254901961 0.9932157394843962 0.012549019607843137 0.013568521031207599
1 0.32941176470588235 0.9905020352781547 0.018823529411764704 0.018995929443690638
1 0.6047058823529412 0.878561736770692 0.10980392156862745 0.028493894165535955
1 0.4376470588235294 0.8778833107191316 0.1992156862745098 0.035278154681139755
1 0.6709803921568628 0.8595658073270014 0.021176470588235293 0.009497964721845319
1 0.7043137254901961 0.8439620081411127 0.025098039215686273 0.013568521031207599
1 0.7780392156862745 0.7985074626865671 0.02196078431372549 0.014925373134328358
1 0.37607843137254904 0.6974219810040706 0.01803921568627451 0.016282225237449117
1 0.6784313725490196 0.6492537313432836 0.017254901960784313 0.023066485753052916
1 0.2996078431372549 0.5685210312075983 0.006274509803921568 0.016282225237449117
1 0.5125490196078432 0.6085481682496607 0.11529411764705882 0.14789687924016282
1 0.4015686274509804 0.5278154681139756 0.009411764705882352 0.016282225237449117