1 0.6643137254901961 0.9932157394843962 0.010980392156862745 0.013568521031207599
1 0.3298039215686275 0.9905020352781547 0.01803921568627451 0.018995929443690638
1 0.6984313725490197 0.9457259158751696 0.01019607843137255 0.016282225237449117
1 0.720392156862745 0.9118046132971506 0.007058823529411765 0.010854816824966078
1 0.5070588235294118 0.8663500678426052 0.4196078431372549 0.05834464043419267
1 0.27019607843137255 0.8256445047489823 0.014901960784313726 0.009497964721845319
1 0.7411764705882353 0.8236092265943012 0.010980392156862745 0.008141112618724558
1 0.7756862745098039 0.8005427408412483 0.02666666666666667 0.018995929443690638
1 0.42470588235294116 0.7265943012211669 0.02588235294117647 0.023066485753052916
1 0.635686274509804 0.7082767978290366 0.02588235294117647 0.018995929443690638
1 0.3376470588235294 0.6974219810040706 0.029019607843137254 0.0407055630936228
1 0.3956862745098039 0.6024423337856174 0.021176470588235293 0.035278154681139755
1 0.5054901960784314 0.6261872455902306 0.08705882352941176 0.14789687924016282
1 0.7141176470588235 0.5590230664857531 0.011764705882352941 0.054274084124830396