1 0.6647058823529411 0.9932157394843962 0.011764705882352941 0.013568521031207599
1 0.3298039215686275 0.9905020352781547 0.01803921568627451 0.018995929443690638
1 0.6988235294117647 0.94640434192673 0.006274509803921568 0.012211668928086838
1 0.3149019607843137 0.8493894165535957 0.04156862745098039 0.021709633649932156
1 0.5274509803921569 0.8663500678426052 0.3788235294117647 0.05834464043419267
1 0.26823529411764707 0.8242876526458616 0.01411764705882353 0.009497964721845319
1 0.7784313725490196 0.7985074626865671 0.021176470588235293 0.014925373134328358
1 0.4192156862745098 0.7259158751696065 0.027450980392156862 0.021709633649932156
1 0.6423529411764706 0.7028493894165536 0.023529411764705882 0.021709633649932156
1 0.33294117647058824 0.6879240162822252 0.027450980392156862 0.04341926729986431
1 0.39450980392156865 0.6010854816824966 0.0203921568627451 0.035278154681139755
1 0.4996078431372549 0.6227951153324288 0.08 0.1519674355495251
1 0.7156862745098039 0.5515603799185889 0.011764705882352941 0.03934871099050204