1 0.6647058823529411 0.9932157394843962 0.011764705882352941 0.013568521031207599
1 0.33019607843137255 0.9905020352781547 0.018823529411764704 0.018995929443690638
1 0.5137254901960784 0.864314789687924 0.42196078431372547 0.06241519674355495
1 0.2733333333333333 0.8270013568521031 0.0196078431372549 0.012211668928086838
1 0.43686274509803924 0.7245590230664858 0.02196078431372549 0.024423337856173677
1 0.62 0.7157394843962008 0.03372549019607843 0.014925373134328358
1 0.34941176470588237 0.7177747625508819 0.029019607843137254 0.035278154681139755
1 0.5525490196078431 0.6723202170963365 0.01803921568627451 0.0203527815468114
1 0.4019607843137255 0.60719131614654 0.013333333333333334 0.014925373134328358
1 0.7090196078431372 0.5915875169606513 0.012549019607843137 0.05970149253731343
1 0.5090196078431373 0.6377204884667571 0.06274509803921569 0.1519674355495251