1 0.6647058823529411 0.9932157394843962 0.013333333333333334 0.013568521031207599
1 0.3298039215686275 0.9905020352781547 0.01803921568627451 0.018995929443690638
1 0.6984313725490197 0.94640434192673 0.007058823529411765 0.012211668928086838
1 0.5133333333333333 0.864314789687924 0.4243137254901961 0.06241519674355495
1 0.7415686274509804 0.8236092265943012 0.011764705882352941 0.008141112618724558
1 0.26862745098039215 0.8242876526458616 0.014901960784313726 0.009497964721845319
1 0.7768627450980392 0.7998643147896879 0.02431372549019608 0.017639077340569877
1 0.42705882352941177 0.7265943012211669 0.02431372549019608 0.023066485753052916
1 0.6329411764705882 0.7096336499321574 0.02823529411764706 0.018995929443690638
1 0.3403921568627451 0.7021709633649932 0.02980392156862745 0.03934871099050204
1 0.3976470588235294 0.6024423337856174 0.0203921568627451 0.032564450474898234
1 0.5121568627450981 0.6302578018995929 0.08 0.15061058344640435
1 0.7137254901960784 0.5637720488466758 0.010980392156862745 0.05563093622795115