1 0.6647058823529411 0.9932157394843962 0.011764705882352941 0.013568521031207599
1 0.3298039215686275 0.9905020352781547 0.01803921568627451 0.018995929443690638
1 0.5152941176470588 0.8636363636363636 0.4250980392156863 0.06377204884667571
1 0.27294117647058824 0.8270013568521031 0.0203921568627451 0.012211668928086838
1 0.7411764705882353 0.8236092265943012 0.012549019607843137 0.008141112618724558
1 0.7784313725490196 0.7985074626865671 0.021176470588235293 0.014925373134328358
1 0.4345098039215686 0.7252374491180461 0.02196078431372549 0.023066485753052916
1 0.6231372549019608 0.7143826322930801 0.03372549019607843 0.014925373134328358
1 0.3466666666666667 0.7137042062415196 0.02980392156862745 0.037991858887381276
1 0.5525490196078431 0.6716417910447762 0.01803921568627451 0.018995929443690638
1 0.40078431372549017 0.6051560379918589 0.01411764705882353 0.018995929443690638
1 0.5105882352941177 0.6363636363636364 0.06274509803921569 0.1519674355495251
1 0.7101960784313726 0.5834464043419267 0.011764705882352941 0.054274084124830396