1 0.6647058823529411 0.9932157394843962 0.013333333333333334 0.013568521031207599
1 0.3298039215686275 0.9905020352781547 0.01803921568627451 0.018995929443690638
1 0.5137254901960784 0.864314789687924 0.4235294117647059 0.06241519674355495
1 0.7415686274509804 0.8236092265943012 0.011764705882352941 0.008141112618724558
1 0.27098039215686276 0.8256445047489823 0.0196078431372549 0.012211668928086838
1 0.7780392156862745 0.7991858887381276 0.02196078431372549 0.016282225237449117
1 0.4294117647058823 0.7265943012211669 0.02431372549019608 0.023066485753052916
1 0.6294117647058823 0.7109905020352781 0.029019607843137254 0.016282225237449117
1 0.3427450980392157 0.7062415196743554 0.02980392156862745 0.03934871099050204
1 0.3992156862745098 0.6010854816824966 0.018823529411764704 0.029850746268656716
1 0.5180392156862745 0.6329715061058344 0.08078431372549019 0.15061058344640435
1 0.7125490196078431 0.5691994572591588 0.01019607843137255 0.05563093622795115