1 0.5227450980392156 0.9504748982360922 0.3803921568627451 0.04748982360922659
1 0.2917647058823529 0.9274084124830394 0.04549019607843137 0.0203527815468114
1 0.7372549019607844 0.9151967435549525 0.04549019607843137 0.023066485753052916
1 0.3603921568627451 0.8005427408412483 0.029019607843137254 0.024423337856173677
1 0.6125490196078431 0.7801899592944369 0.012549019607843137 0.010854816824966078
1 0.3992156862745098 0.7815468113975577 0.0203921568627451 0.021709633649932156
1 0.6556862745098039 0.7849389416553596 0.02666666666666667 0.031207598371777476
1 0.49176470588235294 0.751696065128901 0.010980392156862745 0.018995929443690638
1 0.29294117647058826 0.7313432835820896 0.021176470588235293 0.048846675712347354
1 0.4031372549019608 0.6879240162822252 0.00784313725490196 0.018995929443690638
1 0.7145098039215686 0.6960651289009498 0.017254901960784313 0.048846675712347354
1 0.4976470588235294 0.7198100407055631 0.0792156862745098 0.2265943012211669
1 0.26666666666666666 0.5936227951153324 0.01411764705882353 0.050203527815468114
1 0.7270588235294118 0.573270013568521 0.01568627450980392 0.050203527815468114
1 0.2780392156862745 0.4830393487109905 0.01647058823529412 0.048846675712347354
1 0.7192156862745098 0.4789687924016282 0.01411764705882353 0.04613297150610583
1 0.34862745098039216 0.3344640434192673 0.021176470588235293 0.028493894165535955