1 0.3050980392156863 0.932157394843962 0.05647058823529412 0.024423337856173677
1 0.5501960784313725 0.937584803256445 0.432156862745098 0.07327001356852103
1 0.36745098039215685 0.8073270013568521 0.029019607843137254 0.024423337856173677
1 0.6505882352941177 0.7917232021709634 0.029019607843137254 0.028493894165535955
1 0.600392156862745 0.7774762550881954 0.03529411764705882 0.024423337856173677
1 0.4109803921568628 0.7754409769335142 0.02666666666666667 0.028493894165535955
1 0.4992156862745098 0.7862957937584804 0.06823529411764706 0.10719131614654002
1 0.2968627450980392 0.7442333785617368 0.02431372549019608 0.050203527815468114
1 0.712156862745098 0.7082767978290366 0.018823529411764704 0.051560379918588875
1 0.4019607843137255 0.6940298507462687 0.008627450980392156 0.025780189959294438
1 0.4996078431372549 0.6268656716417911 0.06274509803921569 0.0407055630936228
1 0.26588235294117646 0.6092265943012212 0.01411764705882353 0.054274084124830396
1 0.7282352941176471 0.5868385345997287 0.014901960784313726 0.052917232021709636
1 0.2733333333333333 0.494572591587517 0.014901960784313726 0.04748982360922659
1 0.7227450980392157 0.4891451831750339 0.014901960784313726 0.04477611940298507
1 0.6956862745098039 0.3887381275440977 0.00784313725490196 0.014925373134328358
1 0.3588235294117647 0.31953867028493893 0.01019607843137255 0.017639077340569877