1 0.5254901960784314 0.9308005427408412 0.3952941176470588 0.04341926729986431
1 0.7611764705882353 0.8914518317503393 0.050980392156862744 0.027137042062415198
1 0.2584313725490196 0.8731343283582089 0.04156862745098039 0.025780189959294438
1 0.6368627450980392 0.7632293080054274 0.02980392156862745 0.017639077340569877
1 0.3819607843137255 0.7340569877883311 0.03137254901960784 0.021709633649932156
1 0.5094117647058823 0.7496607869742198 0.04627450980392157 0.08005427408412483
1 0.7066666666666667 0.680461329715061 0.0203921568627451 0.052917232021709636
1 0.31882352941176473 0.6573948439620081 0.0196078431372549 0.05563093622795115
1 0.5117647058823529 0.6485753052917232 0.08235294117647059 0.07869742198100407
1 0.7243137254901961 0.5176390773405699 0.011764705882352941 0.04748982360922659
1 0.30392156862745096 0.508819538670285 0.013333333333333334 0.054274084124830396
1 0.6952941176470588 0.40027137042062416 0.0196078431372549 0.04613297150610583
1 0.3427450980392157 0.3894165535956581 0.023529411764705882 0.04341926729986431