1 0.2984313725490196 0.9301221166892809 0.04784313725490196 0.0203527815468114
1 0.5517647058823529 0.937584803256445 0.42901960784313725 0.07327001356852103
1 0.36627450980392157 0.8059701492537313 0.02980392156862745 0.024423337856173677
1 0.6517647058823529 0.7903663500678426 0.02823529411764706 0.028493894165535955
1 0.6039215686274509 0.7788331071913162 0.02980392156862745 0.021709633649932156
1 0.40901960784313723 0.776797829036635 0.02588235294117647 0.025780189959294438
1 0.4980392156862745 0.7856173677069199 0.07372549019607844 0.10854816824966079
1 0.296078431372549 0.7415196743554953 0.02431372549019608 0.050203527815468114
1 0.49529411764705883 0.7021709633649932 0.05254901960784314 0.023066485753052916
1 0.7129411764705882 0.7062415196743554 0.018823529411764704 0.050203527815468114
1 0.4019607843137255 0.6926729986431479 0.008627450980392156 0.025780189959294438
1 0.4984313725490196 0.6295793758480326 0.06980392156862746 0.048846675712347354
1 0.26588235294117646 0.6058344640434192 0.01411764705882353 0.052917232021709636
1 0.7282352941176471 0.5841248303934871 0.014901960784313726 0.052917232021709636
1 0.27450980392156865 0.4918588873812754 0.01411764705882353 0.04748982360922659
1 0.7223529411764706 0.48778833107191316 0.01411764705882353 0.04477611940298507
1 0.3564705882352941 0.3229308005427408 0.014901960784313726 0.027137042062415198