1 0.5203921568627451 0.937584803256445 0.49176470588235294 0.07327001356852103
1 0.36980392156862746 0.8086838534599728 0.03058823529411765 0.024423337856173677
1 0.647843137254902 0.7944369063772049 0.02980392156862745 0.028493894165535955
1 0.5929411764705882 0.7747625508819539 0.04549019607843137 0.029850746268656716
1 0.41568627450980394 0.7740841248303935 0.02823529411764706 0.028493894165535955
1 0.4992156862745098 0.7890094979647219 0.06352941176470588 0.1044776119402985
1 0.2988235294117647 0.7489823609226595 0.025098039215686273 0.051560379918588875
1 0.4996078431372549 0.7042062415196744 0.0611764705882353 0.027137042062415198
1 0.711764705882353 0.7137042062415196 0.0196078431372549 0.051560379918588875
1 0.4015686274509804 0.6967435549525102 0.00784313725490196 0.025780189959294438
1 0.2654901960784314 0.6146540027137042 0.013333333333333334 0.054274084124830396
1 0.7290196078431372 0.5915875169606513 0.014901960784313726 0.054274084124830396
1 0.27215686274509804 0.5 0.01411764705882353 0.04748982360922659
1 0.7243137254901961 0.49389416553595655 0.014901960784313726 0.04613297150610583
1 0.6976470588235294 0.38670284938941657 0.011764705882352941 0.027137042062415198