1 0.4988235294117647 0.9470827679782904 0.44862745098039214 0.054274084124830396
1 0.7486274509803922 0.9097693351424695 0.038431372549019606 0.0203527815468114
1 0.37098039215686274 0.8100407055630936 0.02980392156862745 0.024423337856173677
1 0.6462745098039215 0.7957937584803256 0.02980392156862745 0.028493894165535955
1 0.4172549019607843 0.7734056987788331 0.02823529411764706 0.029850746268656716
1 0.5901960784313726 0.7727272727272727 0.04627450980392157 0.033921302578018994
1 0.4988235294117647 0.7903663500678426 0.0611764705882353 0.10176390773405698
1 0.3 0.751696065128901 0.02588235294117647 0.051560379918588875
1 0.7109803921568627 0.7150610583446404 0.021176470588235293 0.051560379918588875
1 0.4015686274509804 0.6994572591587517 0.00784313725490196 0.025780189959294438
1 0.4972549019607843 0.6994572591587517 0.07372549019607844 0.03934871099050204
1 0.2654901960784314 0.6166892808683854 0.013333333333333334 0.05563093622795115
1 0.7290196078431372 0.5943012211668928 0.014901960784313726 0.054274084124830396
1 0.27137254901960783 0.5013568521031208 0.01411764705882353 0.04748982360922659
1 0.7247058823529412 0.4966078697421981 0.01411764705882353 0.04613297150610583
1 0.6980392156862745 0.3860244233378562 0.012549019607843137 0.031207598371777476