1 0.5423529411764706 0.9185888738127544 0.46509803921568627 0.06784260515603799
1 0.6533333333333333 0.751696065128901 0.02666666666666667 0.018995929443690638
1 0.36745098039215685 0.7184531886024423 0.029019607843137254 0.028493894165535955
1 0.7145098039215686 0.6519674355495251 0.017254901960784313 0.052917232021709636
1 0.6333333333333333 0.6343283582089553 0.008627450980392156 0.017639077340569877
1 0.3129411764705882 0.6275440976933514 0.01568627450980392 0.05563093622795115
1 0.5101960784313726 0.680461329715061 0.07764705882352942 0.22116689280868385
1 0.7184313725490196 0.4864314789687924 0.012549019607843137 0.04748982360922659
1 0.31137254901960787 0.4735413839891452 0.01411764705882353 0.04613297150610583
1 0.6866666666666666 0.3921302578018996 0.014901960784313726 0.029850746268656716
1 0.356078431372549 0.36974219810040704 0.023529411764705882 0.04206241519674356