1 0.29764705882352943 0.9301221166892809 0.04784313725490196 0.0203527815468114
1 0.552156862745098 0.937584803256445 0.42823529411764705 0.07327001356852103
1 0.36470588235294116 0.8046132971506106 0.02980392156862745 0.024423337856173677
1 0.6525490196078432 0.7896879240162822 0.02823529411764706 0.029850746268656716
1 0.6070588235294118 0.7801899592944369 0.025098039215686273 0.018995929443690638
1 0.40627450980392155 0.7781546811397557 0.025098039215686273 0.025780189959294438
1 0.4976470588235294 0.7849389416553596 0.07764705882352942 0.10990502035278155
1 0.2952941176470588 0.7388059701492538 0.022745098039215685 0.050203527815468114
1 0.7133333333333334 0.7035278154681139 0.01803921568627451 0.050203527815468114
1 0.528235294117647 0.6824966078697422 0.005490196078431373 0.008141112618724558
1 0.4019607843137255 0.6899592944369064 0.008627450980392156 0.025780189959294438
1 0.4984313725490196 0.66078697421981 0.07294117647058823 0.10854816824966079
1 0.26588235294117646 0.6024423337856174 0.01411764705882353 0.054274084124830396
1 0.7278431372549019 0.582089552238806 0.01568627450980392 0.051560379918588875
1 0.2752941176470588 0.49050203527815467 0.01568627450980392 0.04748982360922659
1 0.7215686274509804 0.48575305291723203 0.01411764705882353 0.04613297150610583
1 0.3545098039215686 0.3256445047489824 0.018823529411764704 0.029850746268656716