1 0.5184313725490196 0.9511533242876526 0.38745098039215686 0.04613297150610583
1 0.28941176470588237 0.926729986431479 0.047058823529411764 0.021709633649932156
1 0.7372549019607844 0.9151967435549525 0.04549019607843137 0.023066485753052916
1 0.4984313725490196 0.8113975576662144 0.008627450980392156 0.037991858887381276
1 0.3592156862745098 0.7998643147896879 0.02823529411764706 0.025780189959294438
1 0.3968627450980392 0.7822252374491181 0.018823529411764704 0.0203527815468114
1 0.6564705882352941 0.7835820895522388 0.02666666666666667 0.031207598371777476
1 0.49137254901960786 0.751696065128901 0.011764705882352941 0.021709633649932156
1 0.29215686274509806 0.728629579375848 0.021176470588235293 0.048846675712347354
1 0.4027450980392157 0.6852103120759837 0.007058823529411765 0.013568521031207599
1 0.7149019607843137 0.6940298507462687 0.01647058823529412 0.04748982360922659
1 0.4976470588235294 0.6974219810040706 0.0792156862745098 0.18181818181818182
1 0.26666666666666666 0.5909090909090909 0.01411764705882353 0.050203527815468114
1 0.7270588235294118 0.5705563093622795 0.01568627450980392 0.04748982360922659
1 0.2788235294117647 0.48100407055630934 0.01647058823529412 0.050203527815468114
1 0.7188235294117648 0.47761194029850745 0.014901960784313726 0.04613297150610583
1 0.34705882352941175 0.3385345997286296 0.01647058823529412 0.0203527815468114