1 0.29764705882352943 0.9301221166892809 0.04627450980392157 0.0203527815468114
1 0.5490196078431373 0.9389416553595658 0.42196078431372547 0.07055630936227951
1 0.3631372549019608 0.8032564450474898 0.02980392156862745 0.024423337856173677
1 0.6533333333333333 0.7883310719131614 0.02823529411764706 0.029850746268656716
1 0.6094117647058823 0.7801899592944369 0.0203921568627451 0.016282225237449117
1 0.403921568627451 0.7788331071913162 0.023529411764705882 0.024423337856173677
1 0.4976470588235294 0.7835820895522388 0.07764705882352942 0.10990502035278155
1 0.2945098039215686 0.7367706919945726 0.022745098039215685 0.048846675712347354
1 0.7137254901960784 0.7014925373134329 0.017254901960784313 0.048846675712347354
1 0.4019607843137255 0.6879240162822252 0.008627450980392156 0.024423337856173677
1 0.4984313725490196 0.6614654002713705 0.07607843137254902 0.10990502035278155
1 0.26588235294117646 0.5997286295793759 0.01411764705882353 0.051560379918588875
1 0.7278431372549019 0.578697421981004 0.01568627450980392 0.050203527815468114
1 0.276078431372549 0.48846675712347354 0.01568627450980392 0.048846675712347354
1 0.7207843137254902 0.4830393487109905 0.01411764705882353 0.04613297150610583
1 0.3517647058823529 0.32903663500678426 0.022745098039215685 0.036635006784260515
1 0.6203921568627451 0.29579375848032563 0.004705882352941176 0.008141112618724558