1 0.3172549019607843 0.9043419267299865 0.038431372549019606 0.017639077340569877
1 0.5505882352941176 0.921302578018996 0.4266666666666667 0.06241519674355495
1 0.7811764705882352 0.8812754409769336 0.01568627450980392 0.009497964721845319
1 0.6611764705882353 0.742876526458616 0.02666666666666667 0.023066485753052916
1 0.3596078431372549 0.7096336499321574 0.027450980392156862 0.032564450474898234
1 0.3819607843137255 0.6282225237449118 0.004705882352941176 0.008141112618724558
1 0.7180392156862745 0.6329715061058344 0.014901960784313726 0.052917232021709636
1 0.31058823529411766 0.6092265943012212 0.01411764705882353 0.054274084124830396
1 0.4976470588235294 0.6573948439620081 0.09803921568627451 0.17774762550881953
1 0.7137254901960784 0.4687924016282225 0.01568627450980392 0.04477611940298507
1 0.3172549019607843 0.4559023066485753 0.014901960784313726 0.04341926729986431
1 0.3572549019607843 0.3704206241519674 0.01019607843137255 0.018995929443690638