1 0.5254901960784314 0.9504748982360922 0.3764705882352941 0.04748982360922659
1 0.2952941176470588 0.9287652645861602 0.04784313725490196 0.0203527815468114
1 0.7372549019607844 0.9151967435549525 0.04549019607843137 0.023066485753052916
1 0.36196078431372547 0.8018995929443691 0.029019607843137254 0.024423337856173677
1 0.611764705882353 0.7801899592944369 0.01568627450980392 0.013568521031207599
1 0.6545098039215687 0.7876526458616011 0.027450980392156862 0.031207598371777476
1 0.4015686274509804 0.7801899592944369 0.02196078431372549 0.021709633649932156
1 0.492156862745098 0.7523744911804613 0.008627450980392156 0.014925373134328358
1 0.4976470588235294 0.7788331071913162 0.0792156862745098 0.11668928086838534
1 0.2937254901960784 0.7340569877883311 0.022745098039215685 0.048846675712347354
1 0.4027450980392157 0.6872455902306649 0.008627450980392156 0.023066485753052916
1 0.7141176470588235 0.6987788331071914 0.01803921568627451 0.048846675712347354
1 0.4984313725490196 0.6628222523744912 0.07764705882352942 0.11261872455902307
1 0.26588235294117646 0.5970149253731343 0.01411764705882353 0.051560379918588875
1 0.7274509803921568 0.5759837177747625 0.014901960784313726 0.050203527815468114
1 0.2768627450980392 0.48575305291723203 0.01568627450980392 0.048846675712347354
1 0.72 0.48100407055630934 0.01411764705882353 0.04477611940298507
1 0.35019607843137257 0.3310719131614654 0.02431372549019608 0.035278154681139755