1 0.5360784313725491 0.9192672998643148 0.47294117647058825 0.06648575305291723
1 0.7823529411764706 0.8805970149253731 0.013333333333333334 0.008141112618724558
1 0.5062745098039215 0.7740841248303935 0.005490196078431373 0.0203527815468114
1 0.6568627450980392 0.7476255088195387 0.02588235294117647 0.021709633649932156
1 0.3635294117647059 0.7143826322930801 0.027450980392156862 0.031207598371777476
1 0.7168627450980393 0.6424694708276798 0.01568627450980392 0.052917232021709636
1 0.31176470588235294 0.6187245590230664 0.014901960784313726 0.054274084124830396
1 0.5094117647058823 0.6594301221166893 0.07607843137254902 0.1791044776119403
1 0.7168627450980393 0.47761194029850745 0.01411764705882353 0.04613297150610583
1 0.31411764705882356 0.46404341926729986 0.014901960784313726 0.04341926729986431
1 0.6870588235294117 0.39348710990502034 0.00784313725490196 0.016282225237449117
1 0.35764705882352943 0.3683853459972863 0.017254901960784313 0.033921302578018994