1 0.5352941176470588 0.9199457259158752 0.47137254901960784 0.06512890094979647
1 0.7803921568627451 0.8819538670284939 0.017254901960784313 0.010854816824966078
1 0.6592156862745098 0.7449118046132972 0.02588235294117647 0.021709633649932156
1 0.3615686274509804 0.7123473541383989 0.02666666666666667 0.032564450474898234
1 0.38235294117647056 0.6295793758480326 0.007058823529411765 0.008141112618724558
1 0.7176470588235294 0.6383989145183175 0.01568627450980392 0.052917232021709636
1 0.31098039215686274 0.6146540027137042 0.014901960784313726 0.054274084124830396
1 0.4988235294117647 0.658751696065129 0.09568627450980392 0.17774762550881953
1 0.7152941176470589 0.4728629579375848 0.01411764705882353 0.04477611940298507
1 0.3156862745098039 0.4599728629579376 0.014901960784313726 0.04341926729986431
1 0.3572549019607843 0.36974219810040704 0.013333333333333334 0.028493894165535955