1 0.54 0.9199457259158752 0.4603921568627451 0.06512890094979647
1 0.7823529411764706 0.8805970149253731 0.013333333333333334 0.008141112618724558
1 0.6549019607843137 0.7496607869742198 0.02666666666666667 0.0203527815468114
1 0.3650980392156863 0.7170963364993216 0.029019607843137254 0.028493894165535955
1 0.6333333333333333 0.6336499321573948 0.008627450980392156 0.013568521031207599
1 0.7156862745098039 0.6478968792401628 0.01647058823529412 0.052917232021709636
1 0.312156862745098 0.6234735413839891 0.01568627450980392 0.05563093622795115
1 0.5101960784313726 0.6791044776119403 0.07764705882352942 0.21845318860244234
1 0.7172549019607843 0.4816824966078697 0.013333333333333334 0.04613297150610583
1 0.3129411764705882 0.4687924016282225 0.01411764705882353 0.04477611940298507
1 0.6874509803921569 0.3921302578018996 0.011764705882352941 0.021709633649932156
1 0.3572549019607843 0.3683853459972863 0.021176470588235293 0.03934871099050204