1 0.4980392156862745 0.9470827679782904 0.4470588235294118 0.054274084124830396
1 0.7525490196078432 0.9077340569877883 0.03529411764705882 0.018995929443690638
1 0.37254901960784315 0.810719131614654 0.02980392156862745 0.023066485753052916
1 0.6450980392156863 0.7964721845318861 0.029019607843137254 0.027137042062415198
1 0.4192156862745098 0.7727272727272727 0.027450980392156862 0.031207598371777476
1 0.5870588235294117 0.7700135685210312 0.04784313725490196 0.033921302578018994
1 0.4988235294117647 0.7964721845318861 0.04862745098039216 0.08955223880597014
1 0.30117647058823527 0.7544097693351425 0.02666666666666667 0.051560379918588875
1 0.40078431372549017 0.7021709633649932 0.00784313725490196 0.0203527815468114
1 0.7105882352941176 0.7170963364993216 0.0203921568627451 0.052917232021709636
1 0.4980392156862745 0.6940298507462687 0.0784313725490196 0.052917232021709636
1 0.2654901960784314 0.6200814111261872 0.013333333333333334 0.054274084124830396
1 0.7286274509803922 0.596336499321574 0.01411764705882353 0.05563093622795115
1 0.27058823529411763 0.5040705563093623 0.01411764705882353 0.04748982360922659
1 0.7254901960784313 0.49864314789687925 0.01411764705882353 0.04477611940298507
1 0.6984313725490197 0.3860244233378562 0.013333333333333334 0.033921302578018994