1 0.6223529411764706 0.9423337856173677 0.22980392156862745 0.052917232021709636
1 0.7713725490196078 0.8995929443690638 0.013333333333333334 0.008141112618724558
1 0.35294117647058826 0.9185888738127544 0.276078431372549 0.09769335142469471
1 0.34901960784313724 0.7754409769335142 0.03294117647058824 0.031207598371777476
1 0.403921568627451 0.76797829036635 0.02666666666666667 0.021709633649932156
1 0.62 0.7618724559023067 0.0196078431372549 0.012211668928086838
1 0.6670588235294118 0.757123473541384 0.03372549019607843 0.035278154681139755
1 0.4996078431372549 0.7008141112618724 0.07372549019607844 0.23202170963364993
1 0.2603921568627451 0.6241519674355496 0.02196078431372549 0.07869742198100407
1 0.7537254901960785 0.5956580732700135 0.01411764705882353 0.07055630936227951
1 0.6125490196078431 0.5698778833107191 0.0203921568627451 0.048846675712347354