1 0.62 0.9430122116689281 0.22823529411764706 0.051560379918588875
1 0.3545098039215686 0.9185888738127544 0.2792156862745098 0.09769335142469471
1 0.3992156862745098 0.7672998643147897 0.02666666666666667 0.0203527815468114
1 0.6247058823529412 0.7605156037991859 0.01019607843137255 0.009497964721845319
1 0.34627450980392155 0.771370420624152 0.03215686274509804 0.031207598371777476
1 0.6698039215686274 0.753731343283582 0.03294117647058824 0.033921302578018994
1 0.5576470588235294 0.7218453188602443 0.006274509803921568 0.008141112618724558
1 0.5007843137254901 0.6987788331071914 0.08078431372549019 0.23337856173677068
1 0.2580392156862745 0.6126187245590231 0.018823529411764704 0.0773405698778833
1 0.7549019607843137 0.587516960651289 0.013333333333333334 0.06784260515603799
1 0.6129411764705882 0.5658073270013568 0.02588235294117647 0.054274084124830396