1 0.7674509803921569 0.8819538670284939 0.043137254901960784 0.024423337856173677
1 0.596078431372549 0.7903663500678426 0.009411764705882352 0.017639077340569877
1 0.6772549019607843 0.7869742198100407 0.043137254901960784 0.04341926729986431
1 0.3298039215686275 0.7795115332428765 0.038431372549019606 0.031207598371777476
1 0.4992156862745098 0.7930800542740841 0.0603921568627451 0.1044776119402985
1 0.5109803921568628 0.7082767978290366 0.027450980392156862 0.018995929443690638
1 0.4843137254901961 0.7075983717774763 0.022745098039215685 0.017639077340569877
1 0.6133333333333333 0.6506105834464043 0.02980392156862745 0.050203527815468114
1 0.5035294117647059 0.6350067842605156 0.054901960784313725 0.04341926729986431
1 0.23568627450980392 0.5970149253731343 0.01647058823529412 0.09769335142469471
1 0.7764705882352941 0.5739484396200815 0.017254901960784313 0.06241519674355495