1 0.6247058823529412 0.923337856173677 0.2407843137254902 0.05834464043419267
1 0.7674509803921569 0.8819538670284939 0.043137254901960784 0.027137042062415198
1 0.3572549019607843 0.8995929443690638 0.29254901960784313 0.10583446404341927
1 0.5 0.8242876526458616 0.01647058823529412 0.033921302578018994
1 0.6823529411764706 0.7808683853459973 0.04392156862745098 0.04477611940298507
1 0.32509803921568625 0.7761194029850746 0.038431372549019606 0.035278154681139755
1 0.4796078431372549 0.7632293080054274 0.03215686274509804 0.050203527815468114
1 0.5176470588235295 0.7618724559023067 0.02823529411764706 0.06105834464043419
1 0.6121568627450981 0.6492537313432836 0.027450980392156862 0.050203527815468114
1 0.5007843137254901 0.6702849389416553 0.07450980392156863 0.1112618724559023
1 0.7756862745098039 0.562415196743555 0.01411764705882353 0.028493894165535955
1 0.23372549019607844 0.5841248303934871 0.01411764705882353 0.09633649932157395