1 0.6203921568627451 0.923337856173677 0.24784313725490195 0.05834464043419267
1 0.7674509803921569 0.8826322930800543 0.043137254901960784 0.025780189959294438
1 0.35333333333333333 0.8995929443690638 0.2847058823529412 0.10583446404341927
1 0.5 0.8256445047489823 0.014901960784313726 0.028493894165535955
1 0.3235294117647059 0.7747625508819539 0.038431372549019606 0.035278154681139755
1 0.6847058823529412 0.7788331071913162 0.04392156862745098 0.04613297150610583
1 0.4788235294117647 0.7618724559023067 0.03058823529411765 0.05563093622795115
1 0.6109803921568627 0.6472184531886025 0.02823529411764706 0.048846675712347354
1 0.5003921568627451 0.7042062415196744 0.07686274509803921 0.17639077340569878
1 0.7741176470588236 0.5576662143826323 0.009411764705882352 0.013568521031207599
1 0.23333333333333334 0.5780189959294437 0.014901960784313726 0.09226594301221167