1 0.5122086570477248 0.8381180223285486 0.025527192008879023 0.03349282296650718
1 0.25083240843507215 0.7990430622009569 0.04439511653718091 0.04146730462519936
1 0.7980022197558269 0.7966507177033493 0.04439511653718091 0.03987240829346093
1 0.3462819089900111 0.6626794258373205 0.006659267480577136 0.011164274322169059
1 0.5305216426193119 0.6395534290271132 0.011098779134295227 0.009569377990430622
1 0.5105438401775805 0.6164274322169059 0.011098779134295227 0.011164274322169059
1 0.52330743618202 0.6140350877192983 0.009988901220865706 0.009569377990430622
1 0.5405105438401776 0.613237639553429 0.008879023307436182 0.02073365231259968
1 0.9051054384017758 0.6196172248803827 0.016648168701442843 0.06220095693779904
1 0.14039955604883464 0.5964912280701754 0.016648168701442843 0.06060606060606061
1 0.5194228634850167 0.6634768740031898 0.244173140954495 0.22966507177033493
1 0.8790233074361821 0.3157894736842105 0.03107658157602664 0.07655502392344497