1 0.3138075313807531 0.8513071895424836 0.04184100418410042 0.026143790849673203
1 0.7350069735006973 0.8455882352941176 0.03626220362622036 0.027777777777777776
1 0.5202231520223152 0.8464052287581699 0.0697350069735007 0.08823529411764706
1 0.6185495118549512 0.8112745098039216 0.04881450488145049 0.021241830065359478
1 0.42189679218967924 0.809640522875817 0.040446304044630406 0.024509803921568627
1 0.19735006973500696 0.7687908496732027 0.04881450488145049 0.06699346405228758
1 0.5153417015341701 0.75 0.1297071129707113 0.0457516339869281
1 0.8493723849372385 0.7352941176470589 0.03905160390516039 0.06862745098039216
1 0.5299860529986054 0.6642156862745098 0.08368200836820083 0.027777777777777776
1 0.13458856345885634 0.5073529411764706 0.023709902370990237 0.07679738562091504
1 0.8905160390516039 0.48856209150326796 0.02092050209205021 0.06209150326797386