1 0.3049052396878484 0.823208722741433 0.054626532887402456 0.02336448598130841
1 0.7040133779264214 0.8052959501557633 0.056856187290969896 0.024922118380062305
1 0.5016722408026756 0.8255451713395638 0.07357859531772576 0.12149532710280374
1 0.4654403567447046 0.7593457943925234 0.012263099219620958 0.020249221183800622
1 0.5356744704570792 0.764018691588785 0.021181716833890748 0.04205607476635514
1 0.4955406911928651 0.719626168224299 0.10590858416945373 0.03115264797507788
1 0.7402452619843924 0.6947040498442367 0.01560758082497213 0.028037383177570093
1 0.1688963210702341 0.7133956386292835 0.04124860646599777 0.08099688473520249
1 0.8193979933110368 0.7040498442367601 0.033444816053511704 0.08099688473520249
1 0.8589743589743589 0.5031152647975078 0.016722408026755852 0.056074766355140186
1 0.12207357859531773 0.5015576323987538 0.014492753623188406 0.059190031152647975
1 0.8244147157190636 0.3644859813084112 0.021181716833890748 0.024922118380062305
1 0.835005574136009 0.3442367601246106 0.013377926421404682 0.037383177570093455