1 0.34098544232922734 0.8365231259968102 0.05263157894736842 0.02711323763955343
1 0.6819708846584547 0.8213716108452951 0.060470324748040316 0.025518341307814992
1 0.5576707726763718 0.8038277511961722 0.008958566629339306 0.019138755980861243
1 0.19148936170212766 0.7543859649122807 0.051511758118701005 0.07974481658692185
1 0.8101903695408734 0.7432216905901117 0.04591265397536394 0.08293460925039872
1 0.5027995520716685 0.7352472089314195 0.1858902575587906 0.30303030303030304
1 0.12374020156774916 0.539872408293461 0.0167973124300112 0.06220095693779904
1 0.8740201567749161 0.5358851674641149 0.014557670772676373 0.06060606060606061
1 0.14165733482642778 0.372408293460925 0.014557670772676373 0.02073365231259968
1 0.15005599104143338 0.3492822966507177 0.011198208286674132 0.01594896331738437
1 0.8544232922732363 0.3684210526315789 0.029115341545352745 0.06060606060606061
1 0.13941769316909294 0.34290271132376393 0.014557670772676373 0.03827751196172249