1 0.31397970687711385 0.8302325581395349 0.05749718151071026 0.023255813953488372
1 0.7119503945885005 0.8124031007751938 0.05749718151071026 0.024806201550387597
1 0.5090191657271702 0.8310077519379845 0.07328072153325817 0.12093023255813953
1 0.4740698985343856 0.762015503875969 0.007891770011273957 0.010852713178294573
1 0.5439684329199549 0.7689922480620155 0.019165727170236752 0.037209302325581395
1 0.7497181510710259 0.7015503875968992 0.011273957158962795 0.020155038759689922
1 0.5045095828635852 0.7124031007751938 0.1319052987598647 0.05736434108527132
1 0.17474633596392333 0.7232558139534884 0.04284103720405862 0.08217054263565891
1 0.8297632468996617 0.7131782945736435 0.036076662908680945 0.08062015503875969
1 0.8720405862457723 0.5131782945736434 0.016910935738444193 0.05581395348837209
1 0.12514092446448705 0.5116279069767442 0.013528748590755355 0.05891472868217054
1 0.8399098083427283 0.35891472868217056 0.029312288613303268 0.05426356589147287