1 0.34976525821596244 0.822884012539185 0.056338028169014086 0.02821316614420063
1 0.7253521126760564 0.8072100313479624 0.06338028169014084 0.025078369905956112
1 0.5322769953051644 0.8095611285266457 0.09976525821596244 0.13636363636363635
1 0.19718309859154928 0.7327586206896551 0.051643192488262914 0.07993730407523511
1 0.8562206572769953 0.7233542319749217 0.04342723004694836 0.08307210031347963
1 0.7687793427230047 0.622257053291536 0.01643192488262911 0.03134796238244514
1 0.5305164319248826 0.6567398119122257 0.14084507042253522 0.15673981191222572
1 0.13204225352112675 0.5219435736677116 0.017605633802816902 0.05956112852664577
1 0.9166666666666666 0.518025078369906 0.01643192488262911 0.05799373040752351
1 0.1572769953051643 0.35893416927899685 0.018779342723004695 0.0219435736677116
1 0.14964788732394366 0.34247648902821315 0.008215962441314555 0.017241379310344827
1 0.892018779342723 0.3565830721003135 0.03051643192488263 0.05799373040752351