1 0.3248218527315915 0.8359746434231379 0.05819477434679335 0.02694136291600634
1 0.7108076009501187 0.8193343898573693 0.06294536817102138 0.025356576862123614
1 0.5071258907363421 0.8280507131537242 0.0855106888361045 0.12836767036450078
1 0.17161520190023752 0.742472266244057 0.0510688836104513 0.08082408874801902
1 0.8426365795724465 0.7321711568938193 0.043942992874109264 0.08240887480190175
1 0.7517814726840855 0.6347068145800316 0.0166270783847981 0.030110935023771792
1 0.5100950118764845 0.6687797147385103 0.14608076009501186 0.14896988906497624
1 0.10748218527315914 0.5293185419968305 0.015439429928741092 0.060221870047543584
1 0.9002375296912114 0.5253565768621236 0.0166270783847981 0.058637083993660855
1 0.1324228028503563 0.3613312202852615 0.017814726840855107 0.03169572107765452
1 0.8634204275534442 0.34548335974643424 0.007125890736342043 0.012678288431061807
1 0.8747030878859857 0.3629160063391442 0.029691211401425176 0.05705229793977813