1 0.30441988950276244 0.822429906542056 0.05414364640883978 0.024922118380062305
1 0.7049723756906078 0.8045171339563862 0.055248618784530384 0.0264797507788162
1 0.46464088397790054 0.7655763239875389 0.016574585635359115 0.03582554517133956
1 0.505524861878453 0.8130841121495327 0.08287292817679558 0.14330218068535824
1 0.4950276243093923 0.7250778816199377 0.08397790055248619 0.020249221183800622
1 0.7381215469613259 0.6947040498442367 0.017679558011049725 0.028037383177570093
1 0.17016574585635358 0.7102803738317757 0.039779005524861875 0.08099688473520249
1 0.8182320441988951 0.7001557632398754 0.032044198895027624 0.0794392523364486
1 0.5016574585635359 0.5950155763239875 0.08397790055248619 0.037383177570093455
1 0.8552486187845304 0.5 0.015469613259668509 0.056074766355140186
1 0.12596685082872927 0.4968847352024922 0.015469613259668509 0.059190031152647975
1 0.8220994475138121 0.3652647975077882 0.017679558011049725 0.020249221183800622
1 0.8314917127071824 0.34190031152647976 0.0077348066298342545 0.02336448598130841