1 0.46683673469387754 0.8562271062271062 0.011904761904761904 0.020146520146520148
1 0.3656462585034014 0.7664835164835165 0.013605442176870748 0.01282051282051282
1 0.3826530612244898 0.7509157509157509 0.017006802721088437 0.014652014652014652
1 0.798469387755102 0.7518315018315018 0.06972789115646258 0.056776556776556776
1 0.391156462585034 0.7664835164835165 0.0782312925170068 0.08974358974358974
1 0.4923469387755102 0.7564102564102564 0.05272108843537415 0.08791208791208792
1 0.3818027210884354 0.7152014652014652 0.011904761904761904 0.05311355311355311
1 0.14625850340136054 0.7234432234432234 0.05442176870748299 0.0695970695970696
1 0.2925170068027211 0.6007326007326007 0.017006802721088437 0.018315018315018316
1 0.46683673469387754 0.6657509157509157 0.195578231292517 0.23992673992673993
1 0.0782312925170068 0.5402930402930403 0.02040816326530612 0.01098901098901099