1 0.6680731364275668 0.7708688245315162 0.03375527426160337 0.01192504258943782
1 0.3909985935302391 0.7632027257240205 0.03938115330520394 0.027257240204429302
1 0.7819971870604782 0.7640545144804088 0.04781997187060478 0.04258943781942078
1 0.23347398030942335 0.7597955706984668 0.05063291139240506 0.04088586030664395
1 0.5021097046413502 0.7913117546848382 0.08157524613220815 0.11073253833049404
1 0.6540084388185654 0.6814310051107325 0.008438818565400843 0.010221465076660987
1 0.5028129395218003 0.6848381601362862 0.1111111111111111 0.06132879045996593
1 0.5218002812939522 0.6030664395229983 0.01969057665260197 0.013628620102214651
1 0.8895921237693389 0.5928449744463373 0.01828410689170183 0.06473594548551959
1 0.1160337552742616 0.5562180579216355 0.01828410689170183 0.06984667802385008
1 0.8734177215189873 0.41737649063032367 0.014064697609001406 0.020442930153321975