1 0.672752808988764 0.784991568296796 0.028089887640449437 0.011804384485666104
1 0.38764044943820225 0.7774030354131535 0.03932584269662921 0.026981450252951095
1 0.7851123595505618 0.7757166947723441 0.047752808988764044 0.04384485666104553
1 0.23174157303370788 0.7715008431703204 0.05056179775280899 0.04215851602023609
1 0.5028089887640449 0.8035413153456998 0.08426966292134831 0.10961214165261383
1 0.6544943820224719 0.6981450252951096 0.011235955056179775 0.013490725126475547
1 0.48735955056179775 0.7048903878583473 0.07584269662921349 0.03709949409780776
1 0.5168539325842697 0.6264755480607083 0.0702247191011236 0.03541315345699832
1 0.889747191011236 0.6045531197301856 0.018258426966292134 0.0657672849915683
1 0.1172752808988764 0.5674536256323778 0.018258426966292134 0.06913996627318718
1 0.8735955056179775 0.4342327150084317 0.008426966292134831 0.011804384485666104