1 0.7647831800262812 0.8064516129032258 0.04467805519053877 0.03225806451612903
1 0.24244415243101183 0.7625448028673835 0.03810775295663601 0.04121863799283154
1 0.35348226018396844 0.6648745519713262 0.01576872536136662 0.014336917562724014
1 0.8653088042049935 0.6702508960573477 0.022339027595269383 0.06810035842293907
1 0.15768725361366623 0.6245519713261649 0.02102496714848883 0.06272401433691756
1 0.49868593955321944 0.6953405017921147 0.240473061760841 0.22939068100358423
1 0.8955321944809461 0.49014336917562723 0.01971090670170828 0.044802867383512544
1 0.14323258869908015 0.4444444444444444 0.02102496714848883 0.05017921146953405
1 0.8692509855453351 0.3790322580645161 0.0328515111695138 0.044802867383512544
1 0.18528252299605782 0.33512544802867383 0.02102496714848883 0.025089605734767026
1 0.17871222076215507 0.32616487455197135 0.026281208935611037 0.035842293906810034