1 0.7664907651715039 0.7824956672443674 0.0395778364116095 0.029462738301559793
1 0.2341688654353562 0.7400346620450606 0.03562005277044855 0.038128249566724434
1 0.341688654353562 0.6559792027729636 0.0079155672823219 0.012131715771230503
1 0.8641160949868074 0.6481802426343154 0.021108179419525065 0.0658578856152513
1 0.1503957783641161 0.6057192374350087 0.021108179419525065 0.060658578856152515
1 0.4861477572559367 0.6845753899480069 0.22295514511873352 0.2322357019064125
1 0.8918205804749341 0.47400346620450606 0.021108179419525065 0.04679376083188908
1 0.1391820580474934 0.43327556325823224 0.022427440633245383 0.04852686308492201
1 0.8621372031662269 0.3665511265164645 0.032981530343007916 0.04679376083188908
1 0.18271767810026385 0.33015597920277295 0.022427440633245383 0.022530329289428077
1 0.1695250659630607 0.3240901213171577 0.014511873350923483 0.02772963604852686