1 0.7619663648124192 0.7929203539823009 0.04139715394566624 0.03185840707964602
1 0.2445019404915912 0.7495575221238938 0.03622250970245795 0.04070796460176991
1 0.3486416558861578 0.6601769911504425 0.009055627425614488 0.010619469026548672
1 0.8596377749029754 0.6584070796460177 0.02199223803363519 0.06725663716814159
1 0.1610608020698577 0.6132743362831858 0.019404915912031046 0.061946902654867256
1 0.4935316946959897 0.6876106194690266 0.22897800776196636 0.23185840707964603
1 0.88745148771022 0.47876106194690266 0.02069857697283312 0.047787610619469026
1 0.148124191461837 0.43716814159292033 0.02199223803363519 0.049557522123893805
1 0.8596377749029754 0.37079646017699114 0.03234152652005175 0.047787610619469026
1 0.19016817593790428 0.33185840707964603 0.018111254851228976 0.019469026548672566
1 0.17917205692108668 0.32212389380530976 0.016817593790426907 0.02831858407079646