1 0.7506426735218509 0.806049822064057 0.043701799485861184 0.03202846975088968
1 0.2422879177377892 0.7624555160142349 0.037275064267352186 0.04092526690391459
1 0.35154241645244216 0.6628113879003559 0.014138817480719794 0.01601423487544484
1 0.8496143958868895 0.6734875444839857 0.02313624678663239 0.0693950177935943
1 0.15809768637532134 0.6272241992882562 0.02056555269922879 0.06227758007117438
1 0.4974293059125964 0.693950177935943 0.2467866323907455 0.2277580071174377
1 0.8798200514138818 0.4919928825622776 0.019280205655526992 0.04804270462633452
1 0.14331619537275064 0.4483985765124555 0.021850899742930592 0.0498220640569395
1 0.8553984575835476 0.3816725978647687 0.032133676092544985 0.04448398576512456
1 0.18444730077120822 0.33629893238434166 0.019280205655526992 0.028469750889679714
1 0.17930591259640102 0.3291814946619217 0.02956298200514139 0.03558718861209965