1 0.7634271099744245 0.7766143106457243 0.03324808184143223 0.027923211169284468
1 0.4955242966751918 0.7914485165794066 0.13171355498721227 0.13787085514834205
1 0.23081841432225064 0.7338568935427574 0.0319693094629156 0.04013961605584642
1 0.3171355498721228 0.6640488656195462 0.01278772378516624 0.02268760907504363
1 0.8497442455242967 0.6361256544502618 0.01918158567774936 0.06457242582897033
1 0.5076726342710998 0.6422338568935427 0.13043478260869565 0.15008726003490402
1 0.15601023017902813 0.5959860383944153 0.017902813299232736 0.06108202443280977
1 0.8657289002557544 0.4572425828970332 0.01278772378516624 0.038394415357766144
1 0.15089514066496162 0.424956369982548 0.023017902813299233 0.04712041884816754
1 0.8427109974424553 0.37347294938917974 0.02557544757033248 0.027923211169284468
1 0.18989769820971866 0.32024432809773123 0.0319693094629156 0.04013961605584642