1 0.7352941176470589 0.8153564899451554 0.041666666666666664 0.03290676416819013
1 0.2549019607843137 0.7705667276051188 0.03676470588235294 0.04204753199268738
1 0.35723039215686275 0.6645338208409507 0.011029411764705883 0.016453382084095063
1 0.8308823529411765 0.680073126142596 0.022058823529411766 0.06946983546617916
1 0.17340686274509803 0.6325411334552102 0.020833333333333332 0.06581352833638025
1 0.49816176470588236 0.6983546617915904 0.23651960784313725 0.2340036563071298
1 0.8615196078431373 0.49085923217550276 0.01715686274509804 0.05301645338208409
1 0.15808823529411764 0.4469835466179159 0.0196078431372549 0.05301645338208409
1 0.8382352941176471 0.37751371115173676 0.029411764705882353 0.04936014625228519
1 0.19730392156862744 0.3290676416819013 0.0196078431372549 0.029250457038391225
1 0.19240196078431374 0.3226691042047532 0.029411764705882353 0.038391224862888484