1 0.4801912568306011 0.8533464566929134 0.025956284153005466 0.03346456692913386
1 0.5478142076502732 0.7883858267716536 0.02459016393442623 0.021653543307086614
1 0.5710382513661202 0.78248031496063 0.01639344262295082 0.021653543307086614
1 0.7254098360655737 0.7903543307086615 0.04918032786885246 0.04133858267716536
1 0.2520491803278688 0.7470472440944882 0.04234972677595628 0.04133858267716536
1 0.4610655737704918 0.7312992125984252 0.050546448087431695 0.10039370078740158
1 0.8306010928961749 0.6279527559055118 0.01912568306010929 0.047244094488188976
1 0.8340163934426229 0.593503937007874 0.017759562841530054 0.021653543307086614
1 0.5266393442622951 0.6830708661417323 0.06693989071038252 0.2283464566929134
1 0.4583333333333333 0.6614173228346457 0.12431693989071038 0.2047244094488189
1 0.14207650273224043 0.5590551181102362 0.00819672131147541 0.023622047244094488
1 0.13319672131147542 0.5265748031496063 0.017759562841530054 0.017716535433070866