1 0.03822055137844611 0.9832402234636871 0.008771929824561403 0.0111731843575419
1 0.48621553884711777 0.839851024208566 0.02756892230576441 0.0595903165735568
1 0.6954887218045113 0.8072625698324022 0.05263157894736842 0.03910614525139665
1 0.41729323308270677 0.75512104283054 0.010025062656641603 0.01303538175046555
1 0.2869674185463659 0.7662942271880819 0.045112781954887216 0.03910614525139665
1 0.6240601503759399 0.6750465549348231 0.03007518796992481 0.05772811918063315
1 0.5256892230576441 0.7318435754189944 0.06140350877192982 0.1713221601489758
1 0.8038847117794486 0.6443202979515829 0.02631578947368421 0.09683426443202979
1 0.4918546365914787 0.6890130353817505 0.11403508771929824 0.2122905027932961
1 0.17230576441102757 0.5819366852886406 0.021303258145363407 0.061452513966480445
1 0.16604010025062657 0.537243947858473 0.013784461152882205 0.01303538175046555